representative_id,source_zone_id,crop,harvest_year,start_date,end_date,represented_area_ha,policy,quota_fraction,maximum_daily_residual_mm,maximum_carbon_residual_kg_ha,maximum_grain_ceiling_excess_kg_ha,storage_continuity_error_mm,root_extraction_fraction_day,precipitation_mm,irrigation_field_mm,capillary_rise_mm,soil_evaporation_mm,transpiration_mm,canopy_evaporation_mm,application_evaporation_mm,runoff_mm,off_field_drift_mm,bottom_drainage_mm,pump_input_mm,conveyance_loss_mm,et_mm,yield_kg_ha,biomass_kg_ha,initial_storage_mm,final_storage_mm,balance_residual_mm,parameter_version,nutrient_process,anthesis_date,maturity_date,season_end_date,season_end_reason,maturity_definition,germination_start_date,germination_water_response,sowing_depth_mm
17,ag_095_040,fallow,1996,1996-01-01,1996-10-11,364789.7923446728,adaptive_95,1.0,2.984279490192421e-13,0.0,0.0,0.0,1.0,974.85,0.0,0.0,707.9558673549423,0.0,0.0,0.0,1.2227744113754788,0.0,157.09980383085534,0.0,0.0,707.9558673549423,0.0,0.0,573.7456994339389,682.3172538367659,-9.54236689665322e-14,unvalidated-engineering-priors,fixed independent scenario factor; no N cycle,,,,right_censored,BBCH89_full_ripeness,,,
17,ag_095_040,wheat,1997,1996-10-12,1997-06-10,364789.7923446728,adaptive_95,1.0,9.938716516444401e-13,4.234834705130197e-12,0.0,0.0,0.04267140235271844,522.08,300.0,0.0,321.8742671864218,190.18548816271567,48.42348470232227,0.0,43.37055241018021,0.0,243.22187198495024,300.0,0.0,560.4832400514597,7469.153887333927,17111.737880168515,682.3172538367659,657.3215893901737,1.9819701435608295e-12,unvalidated-engineering-priors,fixed independent scenario factor; no N cycle,1997-04-20,1997-05-29,1997-05-29,full_ripeness,BBCH89_full_ripeness,1996-10-12,seed_layer_available_water,50.0
17,ag_095_040,fallow,1997,1997-06-11,1997-06-14,364789.7923446728,adaptive_95,1.0,1.1457501614131615e-13,0.0,0.0,0.0,1.0,0.060000000000000005,0.0,0.0,11.85343237056242,0.0,0.0,0.0,0.0,0.0,2.1153781087475676,0.0,0.0,11.85343237056242,0.0,0.0,657.3215893901737,643.4127789108638,-1.2301271112846734e-13,unvalidated-engineering-priors,fixed independent scenario factor; no N cycle,,,,right_censored,BBCH89_full_ripeness,,,
17,ag_095_040,maize,1997,1997-06-15,1997-10-05,364789.7923446728,adaptive_95,1.0,9.183764859699295e-13,4.916955731459893e-12,0.0,0.0,0.03354275471250856,370.71,80.0,0.0,18.912906896204785,269.2691596744207,71.45387518546947,0.0,10.135326790406868,0.0,163.7253006224479,80.0,0.0,359.63594175609495,9956.256844314503,19027.97233838087,643.4127789108638,560.6262097419147,-6.090683513093609e-13,unvalidated-engineering-priors,fixed independent scenario factor; no N cycle,1997-08-10,1997-09-24,1997-09-24,physiological_maturity,R6_physiological_maturity,1997-06-16,seed_layer_available_water,50.0
17,ag_095_040,fallow,1997,1997-10-06,1997-10-11,364789.7923446728,adaptive_95,1.0,1.8429702208777599e-13,0.0,0.0,0.0,1.0,0.21,0.0,0.0,15.777071708687393,0.0,0.0,0.0,0.0,0.0,0.08821574286296398,0.0,0.0,15.777071708687393,0.0,0.0,560.6262097419147,544.9709222903641,2.7844393457598926e-13,unvalidated-engineering-priors,fixed independent scenario factor; no N cycle,,,,right_censored,BBCH89_full_ripeness,,,
17,ag_095_040,wheat,1998,1997-10-12,1998-06-10,364789.7923446728,adaptive_95,1.0,1.0205170042354439e-12,4.234834705130197e-12,0.0,0.0,0.04267140235271844,693.37,300.0,0.0,323.1109910639418,167.36021074321602,72.72854487805033,0.0,87.91660160502151,0.0,185.10459792253633,300.0,0.0,563.1997466852082,6931.179281284214,16403.13829448631,544.9709222903641,702.1199760775963,1.7795764861716634e-12,unvalidated-engineering-priors,fixed independent scenario factor; no N cycle,1998-04-21,1998-05-31,1998-05-31,full_ripeness,BBCH89_full_ripeness,1997-10-13,seed_layer_available_water,50.0
17,ag_095_040,fallow,1998,1998-06-11,1998-06-14,364789.7923446728,adaptive_95,1.0,8.704148513061227e-14,0.0,0.0,0.0,1.0,10.32,0.0,0.0,14.694971475746188,0.0,0.0,0.0,0.0,0.0,6.446091400623624,0.0,0.0,14.694971475746188,0.0,0.0,702.1199760775963,691.2989132012265,5.240252676230739e-14,unvalidated-engineering-priors,fixed independent scenario factor; no N cycle,,,,right_censored,BBCH89_full_ripeness,,,
17,ag_095_040,maize,1998,1998-06-15,1998-10-05,364789.7923446728,adaptive_95,1.0,9.960920976936904e-13,2.3874235921539366e-12,0.0,0.0,0.03354275471250856,723.7,80.0,0.0,19.567320237013732,193.84231530892154,98.56468793028007,0.0,45.103178282062416,0.0,489.5882825862255,80.0,0.0,311.9743234762154,8076.701199949428,15328.642088745433,691.2989132012265,648.3331288567238,-5.682121440031551e-13,unvalidated-engineering-priors,fixed independent scenario factor; no N cycle,1998-08-08,1998-09-18,1998-09-18,physiological_maturity,R6_physiological_maturity,1998-06-15,seed_layer_available_water,50.0
17,ag_095_040,fallow,1998,1998-10-06,1998-10-11,364789.7923446728,adaptive_95,1.0,1.8252066524837574e-13,0.0,0.0,0.0,1.0,0.9199999999999999,0.0,0.0,15.459641087604938,0.0,0.0,0.0,0.0,0.0,1.2513578753234227,0.0,0.0,15.459641087604938,0.0,0.0,648.3331288567238,632.542129893795,3.5016434196677437e-13,unvalidated-engineering-priors,fixed independent scenario factor; no N cycle,,,,right_censored,BBCH89_full_ripeness,,,
17,ag_095_040,wheat,1999,1998-10-12,1999-06-10,364789.7923446728,adaptive_95,1.0,9.370282327836321e-13,2.7284841053187847e-12,0.0,0.0,0.04267140235271844,330.79,300.0,0.0,261.281411830648,197.5847586758506,60.98622009377718,0.0,38.90265721249364,0.0,54.929822526976665,300.0,0.0,519.8523906002757,7211.172088797423,17050.726551389667,632.542129893795,649.6472595540507,-1.7165158183729545e-12,unvalidated-engineering-priors,fixed independent scenario factor; no N cycle,1999-04-15,1999-05-23,1999-05-23,full_ripeness,BBCH89_full_ripeness,1998-10-12,seed_layer_available_water,50.0
17,ag_095_040,fallow,1999,1999-06-11,1999-06-14,364789.7923446728,adaptive_95,1.0,1.5365486660812167e-13,0.0,0.0,0.0,1.0,0.52,0.0,0.0,5.999902967411643,0.0,0.0,0.0,0.0,0.0,2.3225689124482742,0.0,0.0,5.999902967411643,0.0,0.0,649.6472595540507,641.844787674191,-2.2248869413488137e-13,unvalidated-engineering-priors,fixed independent scenario factor; no N cycle,,,,right_censored,BBCH89_full_ripeness,,,
17,ag_095_040,maize,1999,1999-06-15,1999-10-05,364789.7923446728,adaptive_95,1.0,1.021405182655144e-12,3.097966327914037e-12,0.0,0.0,0.03354275471250856,362.04,80.0,0.0,19.179952324125306,237.563191367716,73.59673949743576,0.0,0.0,0.0,125.06240694040125,80.0,0.0,330.3398831892771,8370.221560742533,16896.443028464586,641.844787674191,628.4824975445141,-1.4008794124720225e-12,unvalidated-engineering-priors,fixed independent scenario factor; no N cycle,1999-08-11,1999-09-24,1999-09-24,physiological_maturity,R6_physiological_maturity,1999-06-16,seed_layer_available_water,50.0
17,ag_095_040,fallow,1999,1999-10-06,1999-10-11,364789.7923446728,adaptive_95,1.0,1.7852386235972517e-13,0.0,0.0,0.0,1.0,9.92,0.0,0.0,13.283262900000002,0.0,0.0,0.0,0.0,0.0,0.10604891538359372,0.0,0.0,13.283262900000002,0.0,0.0,628.4824975445141,625.0131857291304,6.661338147750939e-14,unvalidated-engineering-priors,fixed independent scenario factor; no N cycle,,,,right_censored,BBCH89_full_ripeness,,,
17,ag_095_040,wheat,2000,1999-10-12,2000-06-10,364789.7923446728,adaptive_95,1.0,7.389644451905042e-13,4.490630090003833e-12,0.0,0.0,0.04267140235271844,425.87,300.0,0.0,307.6254207092124,282.5169107666685,47.49439980976166,0.0,20.68222323795353,0.0,54.903729976313876,300.0,0.0,637.6367312856426,9543.354904286889,21301.917798249553,625.0131857291304,637.6605012292173,3.1805669209461485e-12,unvalidated-engineering-priors,fixed independent scenario factor; no N cycle,2000-04-17,2000-05-25,2000-05-25,full_ripeness,BBCH89_full_ripeness,1999-10-12,seed_layer_available_water,50.0
17,ag_095_040,fallow,2000,2000-06-11,2000-06-14,364789.7923446728,adaptive_95,1.0,1.4477308241112041e-13,0.0,0.0,0.0,1.0,1.18,0.0,0.0,16.223611438651112,0.0,0.0,0.0,0.0,0.0,0.34695729935649494,0.0,0.0,16.223611438651112,0.0,0.0,637.6605012292173,622.2699324912096,7.949196856316121e-14,unvalidated-engineering-priors,fixed independent scenario factor; no N cycle,,,,right_censored,BBCH89_full_ripeness,,,
17,ag_095_040,maize,2000,2000-06-15,2000-10-05,364789.7923446728,adaptive_95,1.0,1.0484946244559978e-12,1.9326762412674725e-12,0.0,0.0,0.03354275471250856,815.64,80.0,0.0,22.208022448508192,117.96573835672402,85.92126598643884,0.0,5.627371244563733,0.0,513.4384315161622,80.0,0.0,226.09502679167105,6074.197253063933,11917.07544198741,622.2699324912096,772.7491029388086,4.082401083849163e-12,unvalidated-engineering-priors,fixed independent scenario factor; no N cycle,2000-08-09,2000-09-21,2000-09-21,physiological_maturity,R6_physiological_maturity,2000-06-16,seed_layer_available_water,50.0
17,ag_095_040,fallow,2000,2000-10-06,2000-10-11,364789.7923446728,adaptive_95,1.0,1.2612133559741778e-13,0.0,0.0,0.0,1.0,24.790000000000003,0.0,0.0,14.7318801,0.0,0.0,0.0,0.0,0.0,20.234977819839955,0.0,0.0,14.7318801,0.0,0.0,772.7491029388086,762.5722450189683,4.072298054325074e-13,unvalidated-engineering-priors,fixed independent scenario factor; no N cycle,,,,right_censored,BBCH89_full_ripeness,,,
17,ag_095_040,wheat,2001,2000-10-12,2001-06-10,364789.7923446728,adaptive_95,1.0,9.734435479913373e-13,4.227729277772596e-12,0.0,0.0,0.04267140235271844,375.02,300.0,0.0,325.1007084599211,203.1820671109622,44.951858623738524,0.0,35.23910886503512,0.0,198.3008847752576,300.0,0.0,573.2346341946218,7684.04831965813,17187.464521940623,762.5722450189683,630.8176171840563,-2.6026958366287545e-12,unvalidated-engineering-priors,fixed independent scenario factor; no N cycle,2001-04-17,2001-05-27,2001-05-27,full_ripeness,BBCH89_full_ripeness,2000-10-12,seed_layer_available_water,50.0
17,ag_095_040,fallow,2001,2001-06-11,2001-06-14,364789.7923446728,adaptive_95,1.0,1.0835776720341528e-13,0.0,0.0,0.0,1.0,4.16,0.0,0.0,17.745917540436523,0.0,0.0,0.0,0.0,0.0,0.5637593932536247,0.0,0.0,17.745917540436523,0.0,0.0,630.8176171840563,616.6679402503661,7.105427357601002e-14,unvalidated-engineering-priors,fixed independent scenario factor; no N cycle,,,,right_censored,BBCH89_full_ripeness,,,
17,ag_095_040,maize,2001,2001-06-15,2001-10-05,364789.7923446728,adaptive_95,1.0,9.36140054363932e-13,4.320099833421409e-12,0.0,0.0,0.03354275471250856,324.19,80.0,0.0,17.26016557344922,281.089405971089,82.44654043584798,0.0,0.0,0.0,86.96737329527578,80.0,0.0,380.7961119803862,10003.21217973193,19731.836401145854,616.6679402503661,553.0944549747139,-9.755751761986176e-12,unvalidated-engineering-priors,fixed independent scenario factor; no N cycle,2001-08-09,2001-09-21,2001-09-21,physiological_maturity,R6_physiological_maturity,2001-06-15,seed_layer_available_water,50.0
17,ag_095_040,fallow,2001,2001-10-06,2001-10-11,364789.7923446728,adaptive_95,1.0,7.860379014346108e-14,0.0,0.0,0.0,1.0,3.57,0.0,0.0,13.78717675714559,0.0,0.0,0.0,0.0,0.0,0.13205227633215402,0.0,0.0,13.78717675714559,0.0,0.0,553.0944549747139,542.745225941236,2.2382096176443156e-13,unvalidated-engineering-priors,fixed independent scenario factor; no N cycle,,,,right_censored,BBCH89_full_ripeness,,,
17,ag_095_040,wheat,2002,2001-10-12,2002-06-10,364789.7923446728,adaptive_95,1.0,8.775202786637237e-13,4.291678123991005e-12,0.0,0.0,0.04267140235271844,498.05,300.0,0.0,273.7167373597648,180.67991981706416,74.85906947132764,0.0,28.960280121910813,0.0,89.42549738575953,300.0,0.0,529.2557266481566,7194.345820822438,17630.643679452507,542.745225941236,693.1537217854133,-4.225397809420883e-12,unvalidated-engineering-priors,fixed independent scenario factor; no N cycle,2002-04-09,2002-05-23,2002-05-23,full_ripeness,BBCH89_full_ripeness,2001-10-13,seed_layer_available_water,50.0
17,ag_095_040,fallow,2002,2002-06-11,2002-06-14,364789.7923446728,adaptive_95,1.0,1.6697754290362354e-13,0.0,0.0,0.0,1.0,0.0,0.0,0.0,23.392381993236057,0.0,0.0,0.0,0.0,0.0,3.236204799370743,0.0,0.0,23.392381993236057,0.0,0.0,693.1537217854133,666.5251349928064,2.5757174171303632e-14,unvalidated-engineering-priors,fixed independent scenario factor; no N cycle,,,,right_censored,BBCH89_full_ripeness,,,
17,ag_095_040,maize,2002,2002-06-15,2002-10-05,364789.7923446728,adaptive_95,1.0,8.899547765395255e-13,3.353761712787673e-12,0.0,0.0,0.03354275471250856,506.13,80.0,0.0,18.835912255363986,215.16942500857516,80.3012294992024,0.0,77.37033684799238,0.0,216.37374181653797,80.0,0.0,314.3065667631416,9016.485663821155,17004.390113182475,666.5251349928064,644.6044895651387,-4.169553591282238e-12,unvalidated-engineering-priors,fixed independent scenario factor; no N cycle,2002-08-11,2002-09-26,2002-09-26,physiological_maturity,R6_physiological_maturity,2002-06-16,seed_layer_available_water,50.0
17,ag_095_040,fallow,2002,2002-10-06,2002-10-11,364789.7923446728,adaptive_95,1.0,1.6431300764452317e-13,0.0,0.0,0.0,1.0,0.02,0.0,0.0,20.203563176628215,0.0,0.0,0.0,0.0,0.0,0.6324708623061386,0.0,0.0,20.203563176628215,0.0,0.0,644.6044895651387,623.7884555262045,-1.8962609260597674e-13,unvalidated-engineering-priors,fixed independent scenario factor; no N cycle,,,,right_censored,BBCH89_full_ripeness,,,
17,ag_095_040,wheat,2003,2002-10-12,2003-06-10,364789.7923446728,adaptive_95,0.75,9.752199048307375e-13,2.6147972675971687e-12,0.0,0.0,0.04267140235271844,400.0,225.0,0.0,282.99796140012876,169.00121286233858,63.32349568924862,0.0,1.8709963308069906,0.0,87.33640764930959,225.0,0.0,515.322669951716,6835.9030064160215,15804.274695505701,623.7884555262045,644.258381594371,9.690026558928366e-13,unvalidated-engineering-priors,fixed independent scenario factor; no N cycle,2003-04-23,2003-05-31,2003-05-31,full_ripeness,BBCH89_full_ripeness,2002-10-12,seed_layer_available_water,50.0
17,ag_095_040,fallow,2003,2003-06-11,2003-06-14,364789.7923446728,adaptive_95,0.75,1.1457501614131615e-13,0.0,0.0,0.0,1.0,1.95,0.0,0.0,7.828932565845769,0.0,0.0,0.0,0.0,0.0,2.2326153467943355,0.0,0.0,7.828932565845769,0.0,0.0,644.258381594371,636.1468336817311,-1.6986412276764895e-13,unvalidated-engineering-priors,fixed independent scenario factor; no N cycle,,,,right_censored,BBCH89_full_ripeness,,,
17,ag_095_040,maize,2003,2003-06-15,2003-10-05,364789.7923446728,adaptive_95,0.75,1.078248601515952e-12,1.8758328224066645e-12,0.0,0.0,0.03354275471250856,950.01,60.0,0.0,19.63939966951286,105.39588275462442,92.02515915704964,0.0,38.46986278156996,0.0,619.3275677458425,60.0,0.0,217.06044158118692,6336.699263609976,11929.606138098861,636.1468336817311,771.2989615731374,-5.720424134381119e-12,unvalidated-engineering-priors,fixed independent scenario factor; no N cycle,2003-08-13,2003-09-30,2003-09-30,physiological_maturity,R6_physiological_maturity,2003-06-16,seed_layer_available_water,50.0
17,ag_095_040,fallow,2003,2003-10-06,2003-10-11,364789.7923446728,adaptive_95,0.75,1.247890679678676e-13,0.0,0.0,0.0,1.0,47.54,0.0,0.0,12.508080600000001,0.0,0.0,0.0,0.0,0.0,13.2915334828178,0.0,0.0,12.508080600000001,0.0,0.0,771.2989615731374,793.0393474903193,2.7489122089718876e-13,unvalidated-engineering-priors,fixed independent scenario factor; no N cycle,,,,right_censored,BBCH89_full_ripeness,,,
17,ag_095_040,wheat,2004,2003-10-12,2004-06-10,364789.7923446728,adaptive_95,0.5,7.220890552162018e-13,3.751665644813329e-12,0.0,0.0,0.04267140235271844,312.71999999999997,150.0,0.0,314.20719440902417,240.77941770367124,50.670787236441384,0.0,0.0,0.0,134.52970496512202,150.0,0.0,605.6573993491369,8665.541498134513,19681.399815955217,793.0393474903193,515.5722431760589,1.5051293544843247e-12,unvalidated-engineering-priors,fixed independent scenario factor; no N cycle,2004-04-12,2004-05-20,2004-05-20,full_ripeness,BBCH89_full_ripeness,2003-10-12,seed_layer_available_water,50.0
17,ag_095_040,fallow,2004,2004-06-11,2004-06-14,364789.7923446728,adaptive_95,0.5,6.616929226765933e-14,0.0,0.0,0.0,1.0,27.29,0.0,0.0,5.843482009396841,0.0,0.0,0.0,0.0,0.0,0.013979389641768853,0.0,0.0,5.843482009396841,0.0,0.0,515.5722431760589,537.0047817770204,-1.0436096431476471e-13,unvalidated-engineering-priors,fixed independent scenario factor; no N cycle,,,,right_censored,BBCH89_full_ripeness,,,
17,ag_095_040,maize,2004,2004-06-15,2004-10-05,364789.7923446728,adaptive_95,0.5,1.0467182676165976e-12,3.353761712787673e-12,0.0,0.0,0.03354275471250856,597.41,40.0,0.0,16.648291031402323,198.95913164678927,107.58225969513269,0.0,12.000853302024774,0.0,148.01400299692753,40.0,0.0,323.1896823733243,9359.080195342627,17807.754593629244,537.0047817770204,691.210243104743,8.396061623727746e-13,unvalidated-engineering-priors,fixed independent scenario factor; no N cycle,2004-08-10,2004-09-26,2004-09-26,physiological_maturity,R6_physiological_maturity,2004-06-15,seed_layer_available_water,50.0
17,ag_095_040,fallow,2004,2004-10-06,2004-10-11,364789.7923446728,adaptive_95,0.5,1.7497114868092467e-13,0.0,0.0,0.0,1.0,0.01,0.0,0.0,18.087044081498576,0.0,0.0,0.0,0.0,0.0,2.6589769599172595,0.0,0.0,18.087044081498576,0.0,0.0,691.210243104743,670.4742220633268,3.3084646133829665e-13,unvalidated-engineering-priors,fixed independent scenario factor; no N cycle,,,,right_censored,BBCH89_full_ripeness,,,
17,ag_095_040,wheat,2005,2004-10-12,2005-06-10,364789.7923446728,adaptive_95,0.5,9.28590537796481e-13,3.922195901395753e-12,0.0,0.0,0.04267140235271844,302.31,150.0,0.0,224.44894399566778,243.9335173502992,71.49993869927357,0.0,0.0,0.0,35.283153393708766,150.0,0.0,539.8824000452406,8813.211281769896,20905.809803369375,670.4742220633268,547.6186686243775,-2.808864252301646e-14,unvalidated-engineering-priors,fixed independent scenario factor; no N cycle,2005-04-25,2005-06-02,2005-06-02,full_ripeness,BBCH89_full_ripeness,2004-10-12,seed_layer_available_water,50.0
17,ag_095_040,fallow,2005,2005-06-11,2005-06-14,364789.7923446728,adaptive_95,0.5,1.5631940186722204e-13,0.0,0.0,0.0,1.0,0.0,0.0,0.0,17.16580295939406,0.0,0.0,0.0,0.0,0.0,0.020554230675665915,0.0,0.0,17.16580295939406,0.0,0.0,547.6186686243775,530.4323114343076,1.5720758028692217e-13,unvalidated-engineering-priors,fixed independent scenario factor; no N cycle,,,,right_censored,BBCH89_full_ripeness,,,
17,ag_095_040,maize,2005,2005-06-15,2005-10-05,364789.7923446728,adaptive_95,0.5,9.592326932761353e-13,2.2737367544323206e-12,0.0,0.0,0.03354275471250856,986.16,40.0,0.0,19.101552787751455,140.12047758986694,112.65457968202544,0.0,160.1655600686091,0.0,345.30570820092544,40.0,0.0,271.87661005964384,7347.854583809221,14780.78557740177,530.4323114343076,779.2444331051261,3.1614710849225958e-12,unvalidated-engineering-priors,fixed independent scenario factor; no N cycle,2005-08-09,2005-09-25,2005-09-25,physiological_maturity,R6_physiological_maturity,2005-06-16,seed_layer_available_water,50.0
17,ag_095_040,fallow,2005,2005-10-06,2005-10-11,364789.7923446728,adaptive_95,0.5,2.2026824808563106e-13,0.0,0.0,0.0,1.0,1.35,0.0,0.0,18.1049977,0.0,0.0,0.0,0.0,0.0,22.32618930878589,0.0,0.0,18.1049977,0.0,0.0,779.2444331051261,740.1632460963398,3.9968028886505635e-13,unvalidated-engineering-priors,fixed independent scenario factor; no N cycle,,,,right_censored,BBCH89_full_ripeness,,,
17,ag_095_040,wheat,2006,2005-10-12,2006-06-10,364789.7923446728,adaptive_95,0.5,8.597567102697212e-13,4.170885858911788e-12,0.0,0.0,0.04267140235271844,266.48,150.0,0.0,241.71810737043066,254.1177578227562,58.34289648071985,0.0,0.0,0.0,76.92619630835473,150.0,0.0,554.1787616739067,9098.033131986813,21055.685479782493,740.1632460963398,525.5382881140804,-2.051803171809752e-12,unvalidated-engineering-priors,fixed independent scenario factor; no N cycle,2006-04-18,2006-05-27,2006-05-27,full_ripeness,BBCH89_full_ripeness,2005-10-12,seed_layer_available_water,50.0
17,ag_095_040,fallow,2006,2006-06-11,2006-06-14,364789.7923446728,adaptive_95,0.5,1.6342482922482304e-13,0.0,0.0,0.0,1.0,12.34,0.0,0.0,7.646274476140686,0.0,0.0,0.0,0.0,0.0,0.02947492610473882,0.0,0.0,7.646274476140686,0.0,0.0,525.5382881140804,530.2025387118352,-2.83550960489265e-13,unvalidated-engineering-priors,fixed independent scenario factor; no N cycle,,,,right_censored,BBCH89_full_ripeness,,,
17,ag_095_040,maize,2006,2006-06-15,2006-10-05,364789.7923446728,adaptive_95,0.5,1.0200729150255938e-12,2.2737367544323206e-12,0.0,0.0,0.03354275471250856,446.37,40.0,0.0,20.928208279645986,161.82236340779687,104.39960560416037,0.0,8.39867603268402,0.0,54.30836147666096,40.0,0.0,287.15017729160326,8030.4834191574255,15536.386275224611,530.2025387118352,666.7153239108893,-2.275291066666796e-12,unvalidated-engineering-priors,fixed independent scenario factor; no N cycle,2006-08-08,2006-09-22,2006-09-22,physiological_maturity,R6_physiological_maturity,2006-06-15,seed_layer_available_water,50.0
17,ag_095_040,fallow,2006,2006-10-06,2006-10-11,364789.7923446728,adaptive_95,0.5,1.283417816466681e-13,0.0,0.0,0.0,1.0,0.3,0.0,0.0,18.556582955793033,0.0,0.0,0.0,0.0,0.0,1.2132829796547908,0.0,0.0,18.556582955793033,0.0,0.0,666.7153239108893,647.2454579754415,1.9095836023552692e-14,unvalidated-engineering-priors,fixed independent scenario factor; no N cycle,,,,right_censored,BBCH89_full_ripeness,,,
17,ag_095_040,wheat,2007,2006-10-12,2007-06-10,364789.7923446728,adaptive_95,0.75,1.0362821711851211e-12,3.467448550509289e-12,0.0,0.0,0.04267140235271844,299.38,225.0,0.0,283.93452700497437,246.9968729465357,57.69926809658745,0.0,0.0,0.0,28.14931274905184,225.0,0.0,588.6306680480975,9236.914702672093,20957.428192101986,647.2454579754415,554.8454771782921,4.08006961549745e-14,unvalidated-engineering-priors,fixed independent scenario factor; no N cycle,2007-04-15,2007-05-24,2007-05-24,full_ripeness,BBCH89_full_ripeness,2006-10-12,seed_layer_available_water,50.0
17,ag_095_040,fallow,2007,2007-06-11,2007-06-14,364789.7923446728,adaptive_95,0.75,2.036149027162537e-13,0.0,0.0,0.0,1.0,0.01,0.0,0.0,4.275042166864571,0.0,0.0,0.0,0.0,0.0,0.09705105641821929,0.0,0.0,4.275042166864571,0.0,0.0,554.8454771782921,550.4833839550096,-2.9032332093947844e-13,unvalidated-engineering-priors,fixed independent scenario factor; no N cycle,,,,right_censored,BBCH89_full_ripeness,,,
17,ag_095_040,maize,2007,2007-06-15,2007-10-05,364789.7923446728,adaptive_95,0.75,1.262989712813578e-12,3.097966327914037e-12,0.0,0.0,0.03354275471250856,798.05,60.0,0.0,19.43986050248946,154.18604002815337,93.16877413938539,0.0,71.47418579474544,0.0,386.52490778498196,60.0,0.0,266.7946746700282,7480.814402521582,14549.330696473724,550.4833839550096,683.7396157052535,4.3864911702939935e-13,unvalidated-engineering-priors,fixed independent scenario factor; no N cycle,2007-08-12,2007-09-25,2007-09-25,physiological_maturity,R6_physiological_maturity,2007-06-16,seed_layer_available_water,50.0
17,ag_095_040,fallow,2007,2007-10-06,2007-10-11,364789.7923446728,adaptive_95,0.75,1.254552017826427e-13,0.0,0.0,0.0,1.0,1.3,0.0,0.0,19.26629216510781,0.0,0.0,0.0,0.0,0.0,2.336893771566345,0.0,0.0,19.26629216510781,0.0,0.0,683.7396157052535,663.4364297685794,-1.3988810110276972e-14,unvalidated-engineering-priors,fixed independent scenario factor; no N cycle,,,,right_censored,BBCH89_full_ripeness,,,
17,ag_095_040,wheat,2008,2007-10-12,2008-06-10,364789.7923446728,adaptive_95,0.5,9.885425811262394e-13,4.490630090003833e-12,0.0,0.0,0.04267140235271844,360.51,150.0,0.0,247.59026861311943,261.8997088052326,53.601224591085,0.0,0.0,0.0,36.80366351137926,150.0,0.0,563.091202009437,9947.969760014974,22131.999587596038,663.4364297685794,574.0515642477585,4.615863247181551e-12,unvalidated-engineering-priors,fixed independent scenario factor; no N cycle,2008-04-18,2008-05-28,2008-05-28,full_ripeness,BBCH89_full_ripeness,2007-10-12,seed_layer_available_water,50.0
17,ag_095_040,fallow,2008,2008-06-11,2008-06-14,364789.7923446728,adaptive_95,0.5,1.2745360322696797e-13,0.0,0.0,0.0,1.0,1.3900000000000001,0.0,0.0,5.4115733778493365,0.0,0.0,0.0,0.0,0.0,0.17203265695225603,0.0,0.0,5.4115733778493365,0.0,0.0,574.0515642477585,569.8579582129569,4.0523140398818214e-14,unvalidated-engineering-priors,fixed independent scenario factor; no N cycle,,,,right_censored,BBCH89_full_ripeness,,,
17,ag_095_040,maize,2008,2008-06-15,2008-10-05,364789.7923446728,adaptive_95,0.5,1.1679546219056647e-12,1.8189894035458565e-12,0.0,0.0,0.03354275471250856,643.0600000000001,40.0,0.0,18.01747085675517,163.5491582572868,87.61943640616673,0.0,10.982431751646317,0.0,253.11400325478886,40.0,0.0,269.1860655202087,8127.286487713843,15132.283136677308,569.8579582129569,719.6354576863077,5.2713944320714745e-12,unvalidated-engineering-priors,fixed independent scenario factor; no N cycle,2008-08-10,2008-09-23,2008-09-23,physiological_maturity,R6_physiological_maturity,2008-06-16,seed_layer_available_water,50.0
17,ag_095_040,fallow,2008,2008-10-06,2008-10-11,364789.7923446728,adaptive_95,0.5,1.474376176702208e-13,0.0,0.0,0.0,1.0,0.060000000000000005,0.0,0.0,14.6328244,0.0,0.0,0.0,0.0,0.0,5.926479921709838,0.0,0.0,14.6328244,0.0,0.0,719.6354576863077,699.136153364598,-1.3722356584366935e-13,unvalidated-engineering-priors,fixed independent scenario factor; no N cycle,,,,right_censored,BBCH89_full_ripeness,,,
17,ag_095_040,wheat,2009,2008-10-12,2009-06-10,364789.7923446728,adaptive_95,0.5,6.52367049269742e-13,3.922195901395753e-12,0.0,0.0,0.04267140235271844,315.18,150.0,0.0,280.86192545758917,223.42929159202268,52.40485802457557,0.0,0.0,0.0,52.07311693355796,150.0,0.0,556.6960750741874,7977.870246080878,18407.957019762296,699.136153364598,555.5469613568507,1.9302892617645284e-12,unvalidated-engineering-priors,fixed independent scenario factor; no N cycle,2009-04-15,2009-05-24,2009-05-24,full_ripeness,BBCH89_full_ripeness,2008-10-12,seed_layer_available_water,50.0
17,ag_095_040,fallow,2009,2009-06-11,2009-06-14,364789.7923446728,adaptive_95,0.5,1.270095140171179e-13,0.0,0.0,0.0,1.0,1.01,0.0,0.0,9.668909306878223,0.0,0.0,0.0,0.0,0.0,0.04056251429970539,0.0,0.0,9.668909306878223,0.0,0.0,555.5469613568507,546.8474895356728,-3.397282455352979e-14,unvalidated-engineering-priors,fixed independent scenario factor; no N cycle,,,,right_censored,BBCH89_full_ripeness,,,
17,ag_095_040,maize,2009,2009-06-15,2009-10-05,364789.7923446728,adaptive_95,0.5,1.0622613899613498e-12,3.126388037344441e-12,0.0,0.0,0.03354275471250856,402.06,40.0,0.0,17.677886571453826,204.36217257174752,94.22188944665089,0.0,0.0,0.0,9.49776383850598,40.0,0.0,316.26194858985224,8445.077347921957,16894.809571153517,546.8474895356728,663.1477771073146,5.551115123125783e-16,unvalidated-engineering-priors,fixed independent scenario factor; no N cycle,2009-08-10,2009-09-26,2009-09-26,physiological_maturity,R6_physiological_maturity,2009-06-16,seed_layer_available_water,50.0
17,ag_095_040,fallow,2009,2009-10-06,2009-10-11,364789.7923446728,adaptive_95,0.5,1.0036416142611415e-13,0.0,0.0,0.0,1.0,2.82,0.0,0.0,15.738679999999997,0.0,0.0,0.0,0.0,0.0,0.9939982087566233,0.0,0.0,15.738679999999997,0.0,0.0,663.1477771073146,649.2350988985579,6.683542608243442e-14,unvalidated-engineering-priors,fixed independent scenario factor; no N cycle,,,,right_censored,BBCH89_full_ripeness,,,
17,ag_095_040,wheat,2010,2009-10-12,2010-06-10,364789.7923446728,adaptive_95,0.75,9.228173780684301e-13,3.637978807091713e-12,0.0,0.0,0.04267140235271844,403.63,225.0,0.0,278.4176313276356,219.59530172037802,66.20877321684783,0.0,0.0,0.0,43.17330617172004,225.0,0.0,564.2217062648615,8245.92430573517,19410.770240149945,649.2350988985579,670.4700864619753,1.127320459204384e-12,unvalidated-engineering-priors,fixed independent scenario factor; no N cycle,2010-04-28,2010-06-05,2010-06-05,full_ripeness,BBCH89_full_ripeness,2009-10-12,seed_layer_available_water,50.0
17,ag_095_040,fallow,2010,2010-06-11,2010-06-14,364789.7923446728,adaptive_95,0.75,1.1546319456101628e-13,0.0,0.0,0.0,1.0,0.0,0.0,0.0,19.792052938480637,0.0,0.0,0.0,0.0,0.0,1.0997237665834039,0.0,0.0,19.792052938480637,0.0,0.0,670.4700864619753,649.5783097569109,2.8954616482224083e-13,unvalidated-engineering-priors,fixed independent scenario factor; no N cycle,,,,right_censored,BBCH89_full_ripeness,,,
17,ag_095_040,maize,2010,2010-06-15,2010-10-05,364789.7923446728,adaptive_95,0.75,1.127986593019159e-12,2.8705926524708048e-12,0.0,0.0,0.03354275471250856,426.58,60.0,0.0,18.126985927365407,201.41763525137196,93.72687646696961,0.0,0.0,0.0,123.46605797004116,60.0,0.0,313.271497645707,7729.240673660503,15836.542899440086,649.5783097569109,699.4207541411612,1.6030510252562635e-12,unvalidated-engineering-priors,fixed independent scenario factor; no N cycle,2010-08-08,2010-09-20,2010-09-20,physiological_maturity,R6_physiological_maturity,2010-06-15,seed_layer_available_water,50.0
17,ag_095_040,fallow,2010,2010-10-06,2010-10-11,364789.7923446728,adaptive_95,0.75,1.5365486660812167e-13,0.0,0.0,0.0,1.0,0.39,0.0,0.0,21.069153509596994,0.0,0.0,0.0,0.0,0.0,3.5431581558370944,0.0,0.0,21.069153509596994,0.0,0.0,699.4207541411612,675.1984424757273,-2.5357493882438575e-13,unvalidated-engineering-priors,fixed independent scenario factor; no N cycle,,,,right_censored,BBCH89_full_ripeness,,,
17,ag_095_040,wheat,2011,2010-10-12,2011-06-10,364789.7923446728,adaptive_95,0.75,6.918909889463976e-13,6.110667527536862e-12,0.0,0.0,0.04267140235271844,140.95,225.0,0.0,206.34074450839265,302.78180299617713,32.00049843339703,0.0,0.0,0.0,38.91241009250322,225.0,0.0,541.1230459379668,8657.335888585632,20164.93760840514,675.1984424757273,461.1129864452552,2.1221913115709867e-12,unvalidated-engineering-priors,fixed independent scenario factor; no N cycle,2011-04-19,2011-05-29,2011-05-29,full_ripeness,BBCH89_full_ripeness,2010-10-12,seed_layer_available_water,50.0
17,ag_095_040,fallow,2011,2011-06-11,2011-06-14,364789.7923446728,adaptive_95,0.75,1.2534417948018017e-13,0.0,0.0,0.0,1.0,5.13,0.0,0.0,3.294316065835945,0.0,0.0,0.0,0.0,0.0,0.002415607204162927,0.0,0.0,3.294316065835945,0.0,0.0,461.1129864452552,462.94625477221496,1.5210055437364645e-13,unvalidated-engineering-priors,fixed independent scenario factor; no N cycle,,,,right_censored,BBCH89_full_ripeness,,,
17,ag_095_040,maize,2011,2011-06-15,2011-10-05,364789.7923446728,adaptive_95,0.75,9.698908343125368e-13,3.524291969370097e-12,0.0,0.0,0.03354275471250856,424.71,60.0,0.0,18.39200607045005,183.54926035018926,96.15091028631437,0.0,0.0,0.0,3.296166137163389,60.0,0.0,298.0921767069537,8082.294980656151,16027.755876620364,462.94625477221496,646.2679119280964,1.4986345497902676e-12,unvalidated-engineering-priors,fixed independent scenario factor; no N cycle,2011-08-11,2011-09-29,2011-09-29,physiological_maturity,R6_physiological_maturity,2011-06-16,seed_layer_available_water,50.0
17,ag_095_040,fallow,2011,2011-10-06,2011-10-11,364789.7923446728,adaptive_95,0.75,1.509903313490213e-13,0.0,0.0,0.0,1.0,4.08,0.0,0.0,20.76174209791975,0.0,0.0,0.0,0.0,0.0,0.5024417928583624,0.0,0.0,20.76174209791975,0.0,0.0,646.2679119280964,629.0837280373186,-2.8110846983508964e-13,unvalidated-engineering-priors,fixed independent scenario factor; no N cycle,,,,right_censored,BBCH89_full_ripeness,,,
17,ag_095_040,wheat,2012,2011-10-12,2012-06-10,364789.7923446728,adaptive_95,0.75,7.913669719528116e-13,3.794298208958935e-12,0.0,0.0,0.04267140235271844,245.16,225.0,0.0,276.2344975453878,227.5713845207626,31.087121071067653,0.0,0.0,0.0,31.137256674634088,225.0,0.0,534.8930031372181,7832.153997184619,17712.363660576135,629.0837280373186,533.2134682254676,-1.2179146580137967e-12,unvalidated-engineering-priors,fixed independent scenario factor; no N cycle,2012-04-23,2012-05-29,2012-05-29,full_ripeness,BBCH89_full_ripeness,2011-10-12,seed_layer_available_water,50.0
17,ag_095_040,fallow,2012,2012-06-11,2012-06-14,364789.7923446728,adaptive_95,0.75,1.0813572259849025e-13,0.0,0.0,0.0,1.0,0.08,0.0,0.0,4.1903821331597335,0.0,0.0,0.0,0.0,0.0,0.04251344096930453,0.0,0.0,4.1903821331597335,0.0,0.0,533.2134682254676,529.0605726513385,1.2256862191861728e-13,unvalidated-engineering-priors,fixed independent scenario factor; no N cycle,,,,right_censored,BBCH89_full_ripeness,,,
17,ag_095_040,maize,2012,2012-06-15,2012-10-05,364789.7923446728,adaptive_95,0.75,1.071143174158351e-12,2.3590018827235326e-12,0.0,0.0,0.03354275471250856,441.63,60.0,0.0,22.53001702485577,229.8965101731847,56.63476356909018,0.0,5.498710438132537,0.0,39.54240049255637,60.0,0.0,309.0612907671307,8184.0188696514515,15358.516656994398,529.0605726513385,676.5881709535093,9.554135260714247e-12,unvalidated-engineering-priors,fixed independent scenario factor; no N cycle,2012-08-10,2012-09-23,2012-09-23,physiological_maturity,R6_physiological_maturity,2012-06-16,seed_layer_available_water,50.0
17,ag_095_040,fallow,2012,2012-10-06,2012-10-11,364789.7923446728,adaptive_95,0.75,1.2434497875801753e-13,0.0,0.0,0.0,1.0,0.0,0.0,0.0,19.541254843451764,0.0,0.0,0.0,0.0,0.0,2.5098317048090517,0.0,0.0,19.541254843451764,0.0,0.0,676.5881709535093,654.5370844052487,-1.8829382497642655e-13,unvalidated-engineering-priors,fixed independent scenario factor; no N cycle,,,,right_censored,BBCH89_full_ripeness,,,
17,ag_095_040,wheat,2013,2012-10-12,2013-06-10,364789.7923446728,adaptive_95,0.75,8.189005029635155e-13,4.632738637155853e-12,0.0,0.0,0.04267140235271844,275.68,225.0,0.0,280.4497282458837,246.85851871417768,45.22746206550099,0.0,0.0,0.0,32.59540866218611,225.0,0.0,572.5357090255624,7775.538639395578,18198.667540438462,654.5370844052487,550.0859667174984,1.7782442185421132e-12,unvalidated-engineering-priors,fixed independent scenario factor; no N cycle,2013-04-21,2013-05-30,2013-05-30,full_ripeness,BBCH89_full_ripeness,2012-10-12,seed_layer_available_water,50.0
17,ag_095_040,fallow,2013,2013-06-11,2013-06-14,364789.7923446728,adaptive_95,0.75,1.2034817586936697e-13,0.0,0.0,0.0,1.0,0.0,0.0,0.0,8.262959940202155,0.0,0.0,0.0,0.0,0.0,0.028735579183131958,0.0,0.0,8.262959940202155,0.0,0.0,550.0859667174984,541.794271198113,8.504308368628699e-14,unvalidated-engineering-priors,fixed independent scenario factor; no N cycle,,,,right_censored,BBCH89_full_ripeness,,,
17,ag_095_040,maize,2013,2013-06-15,2013-10-05,364789.7923446728,adaptive_95,0.75,1.113775738303957e-12,4.774847184307873e-12,0.0,0.0,0.03354275471250856,361.33,60.0,0.0,20.45914945145695,292.79730364265026,70.63201184752246,0.0,0.0,0.0,5.4230751195151345,60.0,0.0,383.88846494162965,8858.844840437278,18679.712199980946,541.794271198113,573.8127311369656,2.691902256657386e-12,unvalidated-engineering-priors,fixed independent scenario factor; no N cycle,2013-08-10,2013-09-23,2013-09-23,physiological_maturity,R6_physiological_maturity,2013-06-16,seed_layer_available_water,50.0
17,ag_095_040,fallow,2013,2013-10-06,2013-10-11,364789.7923446728,adaptive_95,0.75,1.2168044349891716e-13,0.0,0.0,0.0,1.0,0.0,0.0,0.0,21.450475754814345,0.0,0.0,0.0,0.0,0.0,0.03245228047575956,0.0,0.0,21.450475754814345,0.0,0.0,573.8127311369656,552.3298031016756,-1.0436096431476471e-13,unvalidated-engineering-priors,fixed independent scenario factor; no N cycle,,,,right_censored,BBCH89_full_ripeness,,,
17,ag_095_040,wheat,2014,2013-10-12,2014-06-10,364789.7923446728,adaptive_95,1.0,9.867662242868391e-13,2.8421709430404007e-12,0.0,0.0,0.04267140235271844,250.23,300.0,0.0,289.79003452377066,197.095238322142,45.723457903614,0.0,5.752513898470934,0.0,3.4184696071142278,300.0,0.0,532.6087307495267,7342.07337878187,16314.441725788713,552.3298031016756,560.7800888465641,-3.8247183198336643e-13,unvalidated-engineering-priors,fixed independent scenario factor; no N cycle,2014-04-12,2014-05-22,2014-05-22,full_ripeness,BBCH89_full_ripeness,2013-10-12,seed_layer_available_water,50.0
17,ag_095_040,fallow,2014,2014-06-11,2014-06-14,364789.7923446728,adaptive_95,1.0,7.549516567451064e-14,0.0,0.0,0.0,1.0,3.5100000000000002,0.0,0.0,3.9499122972320797,0.0,0.0,0.0,0.0,0.0,0.12408199374026899,0.0,0.0,3.9499122972320797,0.0,0.0,560.7800888465641,560.216094555592,-2.3003821070233244e-13,unvalidated-engineering-priors,fixed independent scenario factor; no N cycle,,,,right_censored,BBCH89_full_ripeness,,,
17,ag_095_040,maize,2014,2014-06-15,2014-10-05,364789.7923446728,adaptive_95,1.0,1.056044141023449e-12,3.637978807091713e-12,0.0,0.0,0.03354275471250856,413.08,80.0,0.0,16.197144503815995,208.45447717478166,91.81433329375689,0.0,0.0,0.0,11.54134441894344,80.0,0.0,316.46595497235455,7897.535783542731,17047.823311091597,560.216094555592,725.2887951642952,-1.1213807660226394e-12,unvalidated-engineering-priors,fixed independent scenario factor; no N cycle,2014-08-12,2014-09-28,2014-09-28,physiological_maturity,R6_physiological_maturity,2014-06-16,seed_layer_available_water,50.0
17,ag_095_040,fallow,2014,2014-10-06,2014-10-11,364789.7923446728,adaptive_95,1.0,1.2079226507921703e-13,0.0,0.0,0.0,1.0,0.0,0.0,0.0,19.7801378,0.0,0.0,0.0,0.0,0.0,5.397917039183106,0.0,0.0,19.7801378,0.0,0.0,725.2887951642952,700.1107403251123,-2.149391775674303e-13,unvalidated-engineering-priors,fixed independent scenario factor; no N cycle,,,,right_censored,BBCH89_full_ripeness,,,
17,ag_095_040,wheat,2015,2014-10-12,2015-06-10,364789.7923446728,adaptive_95,0.75,9.277023593767808e-13,3.524291969370097e-12,0.0,0.0,0.04267140235271844,392.52,225.0,0.0,314.34208890643504,194.47441793401165,58.55345976282632,0.0,5.082363295719739,0.0,117.54887578242501,225.0,0.0,567.369966603273,7810.674743189427,17701.66012048747,700.1107403251123,627.6295346436964,-1.899591595133643e-12,unvalidated-engineering-priors,fixed independent scenario factor; no N cycle,2015-04-18,2015-05-25,2015-05-25,full_ripeness,BBCH89_full_ripeness,2014-10-12,seed_layer_available_water,50.0
17,ag_095_040,fallow,2015,2015-06-11,2015-06-14,364789.7923446728,adaptive_95,0.75,1.7141843500212417e-13,0.0,0.0,0.0,1.0,0.0,0.0,0.0,6.721295148890499,0.0,0.0,0.0,0.0,0.0,1.2445934371074912,0.0,0.0,6.721295148890499,0.0,0.0,627.6295346436964,619.6636460576984,-3.019806626980426e-14,unvalidated-engineering-priors,fixed independent scenario factor; no N cycle,,,,right_censored,BBCH89_full_ripeness,,,
17,ag_095_040,maize,2015,2015-06-15,2015-10-05,364789.7923446728,adaptive_95,0.75,1.1688428003253648e-12,3.581135388230905e-12,0.0,0.0,0.03354275471250856,438.47,60.0,0.0,18.75361309367348,207.53150832238327,68.05213607739184,0.0,2.1230291483180306,0.0,195.40429139908133,60.0,0.0,294.3372574934486,8781.50349081071,16461.043073993555,619.6636460576984,626.269068016852,-1.5082379789532752e-12,unvalidated-engineering-priors,fixed independent scenario factor; no N cycle,2015-08-12,2015-09-26,2015-09-26,physiological_maturity,R6_physiological_maturity,2015-06-16,seed_layer_available_water,50.0
17,ag_095_040,fallow,2015,2015-10-06,2015-10-11,364789.7923446728,adaptive_95,0.75,1.3722356584366935e-13,0.0,0.0,0.0,1.0,4.79,0.0,0.0,17.878994958892463,0.0,0.0,0.0,0.0,0.0,0.38665734952352093,0.0,0.0,17.878994958892463,0.0,0.0,626.269068016852,612.7934157084359,1.1612932837579137e-13,unvalidated-engineering-priors,fixed independent scenario factor; no N cycle,,,,right_censored,BBCH89_full_ripeness,,,
17,ag_095_040,wheat,2016,2015-10-12,2016-06-10,364789.7923446728,adaptive_95,0.75,9.485745522397337e-13,1.7053025658242404e-12,0.0,0.0,0.04267140235271844,433.62,225.0,0.0,359.2730748201354,189.20048883893557,49.342248574929854,0.0,0.0,0.0,22.626093002661687,225.0,0.0,597.8158122340009,7110.882310797034,16499.599152275605,612.7934157084359,650.9715104717732,1.9917401061775308e-13,unvalidated-engineering-priors,fixed independent scenario factor; no N cycle,2016-04-14,2016-05-22,2016-05-22,full_ripeness,BBCH89_full_ripeness,2015-10-12,seed_layer_available_water,50.0
17,ag_095_040,fallow,2016,2016-06-11,2016-06-14,364789.7923446728,adaptive_95,0.75,1.7186252421197423e-13,0.0,0.0,0.0,1.0,2.04,0.0,0.0,18.88834316518483,0.0,0.0,0.0,0.0,0.0,0.3472107257333817,0.0,0.0,18.88834316518483,0.0,0.0,650.9715104717732,633.7759565808548,1.9673151996357774e-13,unvalidated-engineering-priors,fixed independent scenario factor; no N cycle,,,,right_censored,BBCH89_full_ripeness,,,
17,ag_095_040,maize,2016,2016-06-15,2016-10-05,364789.7923446728,adaptive_95,0.75,9.610090501155355e-13,4.433786671143025e-12,0.0,0.0,0.03354275471250856,432.84000000000003,60.0,0.0,18.201619271709188,245.21503223235152,73.4467768689098,0.0,37.27153884017241,0.0,135.0496132399796,60.0,0.0,336.8634283729705,9338.400751049801,17721.025103039523,633.7759565808548,617.4313761277346,-2.2881696537524476e-12,unvalidated-engineering-priors,fixed independent scenario factor; no N cycle,2016-08-09,2016-09-19,2016-09-19,physiological_maturity,R6_physiological_maturity,2016-06-15,seed_layer_available_water,50.0
17,ag_095_040,fallow,2016,2016-10-06,2016-10-11,364789.7923446728,adaptive_95,0.75,1.6653345369377348e-13,0.0,0.0,0.0,1.0,0.49,0.0,0.0,15.588812099999998,0.0,0.0,0.0,0.0,0.0,0.22932262012748003,0.0,0.0,15.588812099999998,0.0,0.0,617.4313761277346,602.1032414076072,-1.6830981053317373e-13,unvalidated-engineering-priors,fixed independent scenario factor; no N cycle,,,,right_censored,BBCH89_full_ripeness,,,
17,ag_095_040,wheat,2017,2016-10-12,2017-06-10,364789.7923446728,adaptive_95,0.75,1.0826894936144527e-12,3.0127011996228248e-12,0.0,0.0,0.04267140235271844,494.05,225.0,0.0,343.4232001538967,180.79308309928382,43.021029203499516,0.0,3.697529239839591,0.0,71.48157832324554,225.0,0.0,567.23731245668,6841.878511373087,15510.58763188182,602.1032414076072,678.7368213878427,-6.870060076380469e-13,unvalidated-engineering-priors,fixed independent scenario factor; no N cycle,2017-04-14,2017-05-23,2017-05-23,full_ripeness,BBCH89_full_ripeness,2016-10-12,seed_layer_available_water,50.0
17,ag_095_040,fallow,2017,2017-06-11,2017-06-14,364789.7923446728,adaptive_95,0.75,1.0125233984581428e-13,0.0,0.0,0.0,1.0,0.87,0.0,0.0,18.736082499999995,0.0,0.0,0.0,0.0,0.0,0.4021268325013874,0.0,0.0,18.736082499999995,0.0,0.0,678.7368213878427,660.4686120553413,5.773159728050814e-14,unvalidated-engineering-priors,fixed independent scenario factor; no N cycle,,,,right_censored,BBCH89_full_ripeness,,,
17,ag_095_040,maize,2017,2017-06-15,2017-10-05,364789.7923446728,adaptive_95,0.75,9.57012247226885e-13,4.320099833421409e-12,0.0,0.0,0.03354275471250856,565.49,60.0,0.0,16.192323281666553,218.94738400191025,86.531234424374,0.0,0.0,0.0,160.9794108495845,60.0,0.0,321.6709417079508,8414.715303520752,17436.59674880273,660.4686120553413,803.3082594978092,-3.256506175830509e-12,unvalidated-engineering-priors,fixed independent scenario factor; no N cycle,2017-08-08,2017-09-21,2017-09-21,physiological_maturity,R6_physiological_maturity,2017-06-15,seed_layer_available_water,50.0
17,ag_095_040,fallow,2017,2017-10-06,2017-10-11,364789.7923446728,adaptive_95,0.75,2.0605739337042905e-13,0.0,0.0,0.0,1.0,37.93,0.0,0.0,10.417841499999998,0.0,0.0,0.0,0.0,0.0,35.99316281784194,0.0,0.0,10.417841499999998,0.0,0.0,803.3082594978092,794.8272551799676,-2.744471316873387e-13,unvalidated-engineering-priors,fixed independent scenario factor; no N cycle,,,,right_censored,BBCH89_full_ripeness,,,
17,ag_095_040,wheat,2018,2017-10-12,2018-06-10,364789.7923446728,adaptive_95,1.0,1.1390888232654106e-12,3.751665644813329e-12,0.0,0.0,0.04267140235271844,338.77,300.0,0.0,275.53703178504503,236.72173116242453,59.02574083207414,0.0,47.0964464797423,0.0,171.2541064515119,300.0,0.0,571.2845037795437,8248.82894917458,19406.64067993035,794.8272551799676,643.9621984691689,7.281952818516402e-13,unvalidated-engineering-priors,fixed independent scenario factor; no N cycle,2018-04-15,2018-05-24,2018-05-24,full_ripeness,BBCH89_full_ripeness,2017-10-12,seed_layer_available_water,50.0
17,ag_095_040,fallow,2018,2018-06-11,2018-06-14,364789.7923446728,adaptive_95,1.0,2.644551244657123e-13,0.0,0.0,0.0,1.0,0.0,0.0,0.0,7.215975741535379,0.0,0.0,0.0,0.0,0.0,1.686876713924767,0.0,0.0,7.215975741535379,0.0,0.0,643.9621984691689,635.0593460137089,-1.5298873279334657e-13,unvalidated-engineering-priors,fixed independent scenario factor; no N cycle,,,,right_censored,BBCH89_full_ripeness,,,
17,ag_095_040,maize,2018,2018-06-15,2018-10-05,364789.7923446728,adaptive_95,1.0,1.2891909761947318e-12,4.376943252282217e-12,0.0,0.0,0.03354275471250856,488.58,80.0,0.0,18.804725447331197,245.42882621078311,64.91482168071708,0.0,49.536383591466645,0.0,178.84287474539175,80.0,0.0,329.1483733388314,7735.614399439389,16122.237700425747,635.0593460137089,646.1117143380143,4.8334669600080815e-12,unvalidated-engineering-priors,fixed independent scenario factor; no N cycle,2018-08-09,2018-09-21,2018-09-21,physiological_maturity,R6_physiological_maturity,2018-06-16,seed_layer_available_water,50.0
17,ag_095_040,fallow,2018,2018-10-06,2018-10-11,364789.7923446728,adaptive_95,1.0,9.325873406851315e-14,0.0,0.0,0.0,1.0,0.04,0.0,0.0,18.71357284748607,0.0,0.0,0.0,0.0,0.0,0.9372112406443889,0.0,0.0,18.71357284748607,0.0,0.0,646.1117143380143,626.5009302498837,1.1457501614131615e-13,unvalidated-engineering-priors,fixed independent scenario factor; no N cycle,,,,right_censored,BBCH89_full_ripeness,,,
17,ag_095_040,wheat,2019,2018-10-12,2019-06-10,364789.7923446728,adaptive_95,1.0,1.127986593019159e-12,5.4427573559223674e-12,0.0,0.0,0.04267140235271844,251.12,300.0,0.0,286.0435326734117,238.97950280949885,46.793112572771854,0.0,11.499774352502675,0.0,25.35812258207715,300.0,0.0,571.8161480556823,8630.840354821281,19706.79894107649,626.5009302498837,568.9468852596193,2.22472040789512e-12,unvalidated-engineering-priors,fixed independent scenario factor; no N cycle,2019-04-17,2019-05-28,2019-05-28,full_ripeness,BBCH89_full_ripeness,2018-10-12,seed_layer_available_water,50.0
17,ag_095_040,fallow,2019,2019-06-11,2019-06-14,364789.7923446728,adaptive_95,1.0,1.716404796070492e-13,0.0,0.0,0.0,1.0,0.13999999999999999,0.0,0.0,8.767222673532173,0.0,0.0,0.0,0.0,0.0,0.10128561419740727,0.0,0.0,8.767222673532173,0.0,0.0,568.9468852596193,560.2183769718898,-9.747758156208874e-14,unvalidated-engineering-priors,fixed independent scenario factor; no N cycle,,,,right_censored,BBCH89_full_ripeness,,,
17,ag_095_040,maize,2019,2019-06-15,2019-10-05,364789.7923446728,adaptive_95,1.0,9.494627306594339e-13,3.637978807091713e-12,0.0,0.0,0.03354275471250856,226.68,80.0,0.0,17.903289921700782,285.65684352016655,70.50225359625632,0.0,0.0,0.0,12.636130105983728,80.0,0.0,374.06238703812363,8721.284306030317,17940.054029656312,560.2183769718898,480.19985982778235,9.192646643896296e-14,unvalidated-engineering-priors,fixed independent scenario factor; no N cycle,2019-08-10,2019-09-21,2019-09-21,physiological_maturity,R6_physiological_maturity,2019-06-16,seed_layer_available_water,50.0
17,ag_095_040,fallow,2019,2019-10-06,2019-10-11,364789.7923446728,adaptive_95,1.0,1.425526363618701e-13,0.0,0.0,0.0,1.0,23.21,0.0,0.0,11.0199039,0.0,0.0,0.0,0.0,0.0,0.007183369724457843,0.0,0.0,11.0199039,0.0,0.0,480.19985982778235,492.3827725580578,8.026912468039882e-14,unvalidated-engineering-priors,fixed independent scenario factor; no N cycle,,,,right_censored,BBCH89_full_ripeness,,,
17,ag_095_040,wheat,2020,2019-10-12,2020-06-10,364789.7923446728,adaptive_95,0.75,2.220446049250313e-13,2.9558577807620168e-12,0.0,0.0,0.04267140235271844,218.45,225.0,0.0,240.39342196183892,211.57605563898392,40.34639446932068,0.0,0.0,0.0,0.304480273856109,225.0,0.0,492.31587207014354,7034.281828142684,16271.722496030747,492.3827725580578,443.21242021405686,1.3334333637260443e-12,unvalidated-engineering-priors,fixed independent scenario factor; no N cycle,2020-04-11,2020-05-23,2020-05-23,full_ripeness,BBCH89_full_ripeness,2019-10-12,seed_layer_available_water,50.0
17,ag_095_040,fallow,2020,2020-06-11,2020-06-14,364789.7923446728,adaptive_95,0.75,6.750155989720952e-14,0.0,0.0,0.0,1.0,22.19,0.0,0.0,13.565593228442637,0.0,0.0,0.0,0.0,0.0,0.0006119419567027385,0.0,0.0,13.565593228442637,0.0,0.0,443.21242021405686,451.8362150436575,3.2862601528904634e-14,unvalidated-engineering-priors,fixed independent scenario factor; no N cycle,,,,right_censored,BBCH89_full_ripeness,,,
17,ag_095_040,maize,2020,2020-06-15,2020-10-05,364789.7923446728,adaptive_95,0.75,1.1999290450148692e-12,2.8421709430404007e-12,0.0,0.0,0.03354275471250856,710.41,60.0,0.0,17.91335049196773,183.02034231508452,69.41791578266671,0.0,87.13557934418391,0.0,177.44658689248644,60.0,0.0,270.3516085897189,7533.874747448543,14683.416513397864,451.8362150436575,687.3124402172681,1.0552669849062113e-13,unvalidated-engineering-priors,fixed independent scenario factor; no N cycle,2020-08-11,2020-09-23,2020-09-23,physiological_maturity,R6_physiological_maturity,2020-06-15,seed_layer_available_water,50.0
17,ag_095_040,fallow,2020,2020-10-06,2020-10-11,364789.7923446728,adaptive_95,0.75,2.2248869413488137e-13,0.0,0.0,0.0,1.0,1.6,0.0,0.0,12.611518100000001,0.0,0.0,0.0,0.0,0.0,1.4795642352313934,0.0,0.0,12.611518100000001,0.0,0.0,687.3124402172681,674.821357882037,-2.831068712794149e-13,unvalidated-engineering-priors,fixed independent scenario factor; no N cycle,,,,right_censored,BBCH89_full_ripeness,,,
17,ag_095_040,wheat,2021,2020-10-12,2021-06-10,364789.7923446728,adaptive_95,0.75,9.343636975245317e-13,4.547473508864641e-12,0.0,0.0,0.04267140235271844,325.91,225.0,0.0,256.11849483019284,197.61029542827464,61.67916980536231,0.0,1.924012200228825,0.0,72.7289426157937,225.0,0.0,515.4079600638298,7512.966214669987,17708.158195646934,674.821357882037,635.6704430021874,-2.799205311987407e-12,unvalidated-engineering-priors,fixed independent scenario factor; no N cycle,2021-04-12,2021-05-22,2021-05-22,full_ripeness,BBCH89_full_ripeness,2020-10-12,seed_layer_available_water,50.0
17,ag_095_040,fallow,2021,2021-06-11,2021-06-14,364789.7923446728,adaptive_95,0.75,3.375077994860476e-13,0.0,0.0,0.0,1.0,57.46,0.0,0.0,8.966884772139812,0.0,0.0,0.0,0.0,0.0,1.9881142730632606,0.0,0.0,8.966884772139812,0.0,0.0,635.6704430021874,682.1754439569845,-1.574296248918472e-13,unvalidated-engineering-priors,fixed independent scenario factor; no N cycle,,,,right_censored,BBCH89_full_ripeness,,,
17,ag_095_040,maize,2021,2021-06-15,2021-10-05,364789.7923446728,adaptive_95,0.75,8.859579736508749e-13,1.6200374375330284e-12,0.0,0.0,0.03354275471250856,643.62,60.0,0.0,17.850330547157245,168.344426597146,83.83998256301614,0.0,16.522330183980046,0.0,392.64114984121926,60.0,0.0,270.0347397073194,7025.778958183277,13927.456785071445,682.1754439569845,706.5972242244659,-9.325873406851315e-14,unvalidated-engineering-priors,fixed independent scenario factor; no N cycle,2021-08-09,2021-09-21,2021-09-21,physiological_maturity,R6_physiological_maturity,2021-06-15,seed_layer_available_water,50.0
17,ag_095_040,fallow,2021,2021-10-06,2021-10-11,364789.7923446728,adaptive_95,0.75,1.4210854715202004e-13,0.0,0.0,0.0,1.0,7.78,0.0,0.0,10.3797924,0.0,0.0,0.0,0.0,0.0,3.861531000245669,0.0,0.0,10.3797924,0.0,0.0,706.5972242244659,700.1359008242202,-2.19824158875781e-14,unvalidated-engineering-priors,fixed independent scenario factor; no N cycle,,,,right_censored,BBCH89_full_ripeness,,,
17,ag_095_040,wheat,2022,2021-10-12,2022-06-10,364789.7923446728,adaptive_95,0.5,9.312550730555813e-13,5.4001247917767614e-12,0.0,0.0,0.04267140235271844,317.33,150.0,0.0,248.36444149151376,241.2516349096303,56.29085232995039,0.0,6.166143707572113,0.0,54.994449230489664,150.0,0.0,545.9069287310945,8594.437997148405,19978.179329294944,700.1359008242202,560.3983791550667,-2.6388335960803033e-12,unvalidated-engineering-priors,fixed independent scenario factor; no N cycle,2022-04-10,2022-05-21,2022-05-21,full_ripeness,BBCH89_full_ripeness,2021-10-12,seed_layer_available_water,50.0
17,ag_095_040,fallow,2022,2022-06-11,2022-06-14,364789.7923446728,adaptive_95,0.5,1.3866685577568205e-13,0.0,0.0,0.0,1.0,1.1400000000000001,0.0,0.0,4.480364260170161,0.0,0.0,0.0,0.0,0.0,0.14348656883210809,0.0,0.0,4.480364260170161,0.0,0.0,560.3983791550667,556.9145283260642,1.800781745942004e-13,unvalidated-engineering-priors,fixed independent scenario factor; no N cycle,,,,right_censored,BBCH89_full_ripeness,,,
17,ag_095_040,maize,2022,2022-06-15,2022-10-05,364789.7923446728,adaptive_95,0.5,1.1008971512183052e-12,3.467448550509289e-12,0.0,0.0,0.03354275471250856,418.95,40.0,0.0,21.988770035802144,273.1324336068158,64.95911601851088,0.0,0.0,0.0,32.187883700781796,40.0,0.0,360.0803196611289,8977.312512558889,17931.544143720217,556.9145283260642,623.5963249641488,4.7156722970953524e-12,unvalidated-engineering-priors,fixed independent scenario factor; no N cycle,2022-08-11,2022-09-24,2022-09-24,physiological_maturity,R6_physiological_maturity,2022-06-16,seed_layer_available_water,50.0
17,ag_095_040,fallow,2022,2022-10-06,2022-10-11,364789.7923446728,adaptive_95,0.5,2.2115642650533118e-13,0.0,0.0,0.0,1.0,15.42,0.0,0.0,14.787462699999997,0.0,0.0,0.0,0.0,0.0,0.09515386134470304,0.0,0.0,14.787462699999997,0.0,0.0,623.5963249641488,624.1337084028042,-1.0969003483296547e-13,unvalidated-engineering-priors,fixed independent scenario factor; no N cycle,,,,right_censored,BBCH89_full_ripeness,,,
17,ag_095_040,wheat,2023,2022-10-12,2023-06-10,364789.7923446728,adaptive_95,0.75,8.499867476530198e-13,3.581135388230905e-12,0.0,0.0,0.04267140235271844,321.73,225.0,0.0,309.3673528784775,223.9356986606069,41.73241897653394,0.0,0.0,0.0,13.137777329404146,225.0,0.0,575.0354705156184,7371.322389705034,17174.531840229836,624.1337084028042,582.6904605577795,2.2303825453207082e-12,unvalidated-engineering-priors,fixed independent scenario factor; no N cycle,2023-04-13,2023-05-24,2023-05-24,full_ripeness,BBCH89_full_ripeness,2022-10-12,seed_layer_available_water,50.0
17,ag_095_040,fallow,2023,2023-06-11,2023-06-14,364789.7923446728,adaptive_95,0.75,1.9761969838327786e-13,0.0,0.0,0.0,1.0,5.48,0.0,0.0,11.398631625981423,0.0,0.0,0.0,0.0,0.0,0.10101878625252697,0.0,0.0,11.398631625981423,0.0,0.0,582.6904605577795,576.6708101455456,-6.372680161348399e-14,unvalidated-engineering-priors,fixed independent scenario factor; no N cycle,,,,right_censored,BBCH89_full_ripeness,,,
17,ag_095_040,maize,2023,2023-06-15,2023-10-05,364789.7923446728,adaptive_95,0.75,1.1546319456101628e-12,3.637978807091713e-12,0.0,0.0,0.03354275471250856,579.49,60.0,0.0,17.83939495854665,221.65683283427504,92.49617848683494,0.0,5.424828989539817,0.0,111.71970540177712,60.0,0.0,331.9924062796566,8665.111286307074,17656.15996653778,576.6708101455456,767.0238694745775,-5.472344799528628e-12,unvalidated-engineering-priors,fixed independent scenario factor; no N cycle,2023-08-09,2023-09-20,2023-09-20,physiological_maturity,R6_physiological_maturity,2023-06-16,seed_layer_available_water,50.0
17,ag_095_040,fallow,2023,2023-10-06,2023-10-11,364789.7923446728,adaptive_95,0.75,1.8385293287792592e-13,0.0,0.0,0.0,1.0,3.02,0.0,0.0,14.474356899999998,0.0,0.0,0.0,0.0,0.0,16.718950127573443,0.0,0.0,14.474356899999998,0.0,0.0,767.0238694745775,738.8505624470039,1.8829382497642655e-13,unvalidated-engineering-priors,fixed independent scenario factor; no N cycle,,,,right_censored,BBCH89_full_ripeness,,,
17,ag_095_040,wheat,2024,2023-10-12,2024-06-10,364789.7923446728,adaptive_95,0.5,8.37108160567368e-13,4.433786671143025e-12,0.0,0.0,0.04267140235271844,280.51,150.0,0.0,273.1128026205214,250.51273575169463,53.2229462078213,0.0,0.0,0.0,77.04824398042605,150.0,0.0,576.8484845800374,9227.663969416,20439.931243094987,738.8505624470039,515.4638338865411,-6.684652831268068e-13,unvalidated-engineering-priors,fixed independent scenario factor; no N cycle,2024-04-15,2024-05-25,2024-05-25,full_ripeness,BBCH89_full_ripeness,2023-10-12,seed_layer_available_water,50.0
17,ag_095_040,fallow,2024,2024-06-11,2024-06-14,364789.7923446728,adaptive_95,0.5,2.341460358934455e-13,0.0,0.0,0.0,1.0,0.32,0.0,0.0,3.091060812604142,0.0,0.0,0.0,0.0,0.0,0.030117238218734264,0.0,0.0,3.091060812604142,0.0,0.0,515.4638338865411,512.6626558357185,-2.6240121187015575e-13,unvalidated-engineering-priors,fixed independent scenario factor; no N cycle,,,,right_censored,BBCH89_full_ripeness,,,
17,ag_095_040,maize,2024,2024-06-15,2024-10-05,364789.7923446728,adaptive_95,0.5,1.0875744749228033e-12,2.4442670110147446e-12,0.0,0.0,0.03354275471250856,578.96,40.0,0.0,21.560535534478134,193.1502203384425,93.47483374879232,0.0,7.222432290105415,0.0,193.2117873608809,40.0,0.0,308.18558962171295,7329.645917868909,14705.467727487743,512.6626558357185,623.0028465630146,4.6413983767479294e-12,unvalidated-engineering-priors,fixed independent scenario factor; no N cycle,2024-08-09,2024-09-19,2024-09-19,physiological_maturity,R6_physiological_maturity,2024-06-16,seed_layer_available_water,50.0
17,ag_095_040,fallow,2024,2024-10-06,2024-10-11,364789.7923446728,adaptive_95,0.5,2.2803980925800715e-13,0.0,0.0,0.0,1.0,2.82,0.0,0.0,15.434337450841015,0.0,0.0,0.0,0.0,0.0,0.44448464306730995,0.0,0.0,15.434337450841015,0.0,0.0,623.0028465630146,609.9440244691067,-4.18554080283684e-13,unvalidated-engineering-priors,fixed independent scenario factor; no N cycle,,,,right_censored,BBCH89_full_ripeness,,,
17,ag_095_040,wheat,2025,2024-10-12,2025-06-10,364789.7923446728,adaptive_95,0.5,3.4017233474514796e-13,6.0822458181064576e-12,0.0,0.0,0.04267140235271844,297.21,150.0,0.0,282.37936520862667,294.03172321108445,37.05287775731529,0.0,0.0,0.0,12.12293448711464,150.0,0.0,613.4639661770264,8718.804342762938,19754.88242798507,609.9440244691067,431.56712380496555,1.1324274851176597e-13,unvalidated-engineering-priors,fixed independent scenario factor; no N cycle,2025-04-11,2025-05-22,2025-05-22,full_ripeness,BBCH89_full_ripeness,2024-10-12,seed_layer_available_water,50.0
17,ag_095_040,fallow,2025,2025-06-11,2025-06-14,364789.7923446728,adaptive_95,0.5,6.306066779870889e-14,0.0,0.0,0.0,1.0,10.139999999999999,0.0,0.0,5.722457941391052,0.0,0.0,0.0,0.0,0.0,0.0013656026339545686,0.0,0.0,5.722457941391052,0.0,0.0,431.56712380496555,435.98330026094044,1.0147438445073931e-13,unvalidated-engineering-priors,fixed independent scenario factor; no N cycle,,,,right_censored,BBCH89_full_ripeness,,,
17,ag_095_040,maize,2025,2025-06-15,2025-10-05,364789.7923446728,adaptive_95,0.5,4.920508445138694e-13,3.637978807091713e-12,0.0,0.0,0.03354275471250856,637.58,40.0,0.0,18.105280528841092,173.74656259695308,113.39060285716172,0.0,0.0,0.0,21.70361113669454,40.0,0.0,305.2424459829559,7453.47630605058,16581.08746844872,435.98330026094044,786.6172431412914,-1.3958834088612093e-12,unvalidated-engineering-priors,fixed independent scenario factor; no N cycle,2025-08-11,2025-09-24,2025-09-24,physiological_maturity,R6_physiological_maturity,2025-06-15,seed_layer_available_water,50.0
17,ag_095_040,fallow,1996,1996-01-01,1996-10-11,364789.7923446728,adaptive_98,1.0,2.984279490192421e-13,0.0,0.0,0.0,1.0,974.85,0.0,0.0,707.9558673549423,0.0,0.0,0.0,1.2227744113754788,0.0,157.09980383085534,0.0,0.0,707.9558673549423,0.0,0.0,573.7456994339389,682.3172538367659,-9.54236689665322e-14,unvalidated-engineering-priors,fixed independent scenario factor; no N cycle,,,,right_censored,BBCH89_full_ripeness,,,
17,ag_095_040,wheat,1997,1996-10-12,1997-06-10,364789.7923446728,adaptive_98,1.0,9.938716516444401e-13,4.234834705130197e-12,0.0,0.0,0.04267140235271844,522.08,300.0,0.0,321.8742671864218,190.18548816271567,48.42348470232227,0.0,43.37055241018021,0.0,243.22187198495024,300.0,0.0,560.4832400514597,7469.153887333927,17111.737880168515,682.3172538367659,657.3215893901737,1.9819701435608295e-12,unvalidated-engineering-priors,fixed independent scenario factor; no N cycle,1997-04-20,1997-05-29,1997-05-29,full_ripeness,BBCH89_full_ripeness,1996-10-12,seed_layer_available_water,50.0
17,ag_095_040,fallow,1997,1997-06-11,1997-06-14,364789.7923446728,adaptive_98,1.0,1.1457501614131615e-13,0.0,0.0,0.0,1.0,0.060000000000000005,0.0,0.0,11.85343237056242,0.0,0.0,0.0,0.0,0.0,2.1153781087475676,0.0,0.0,11.85343237056242,0.0,0.0,657.3215893901737,643.4127789108638,-1.2301271112846734e-13,unvalidated-engineering-priors,fixed independent scenario factor; no N cycle,,,,right_censored,BBCH89_full_ripeness,,,
17,ag_095_040,maize,1997,1997-06-15,1997-10-05,364789.7923446728,adaptive_98,1.0,9.183764859699295e-13,4.916955731459893e-12,0.0,0.0,0.03354275471250856,370.71,80.0,0.0,18.912906896204785,269.2691596744207,71.45387518546947,0.0,10.135326790406868,0.0,163.7253006224479,80.0,0.0,359.63594175609495,9956.256844314503,19027.97233838087,643.4127789108638,560.6262097419147,-6.090683513093609e-13,unvalidated-engineering-priors,fixed independent scenario factor; no N cycle,1997-08-10,1997-09-24,1997-09-24,physiological_maturity,R6_physiological_maturity,1997-06-16,seed_layer_available_water,50.0
17,ag_095_040,fallow,1997,1997-10-06,1997-10-11,364789.7923446728,adaptive_98,1.0,1.8429702208777599e-13,0.0,0.0,0.0,1.0,0.21,0.0,0.0,15.777071708687393,0.0,0.0,0.0,0.0,0.0,0.08821574286296398,0.0,0.0,15.777071708687393,0.0,0.0,560.6262097419147,544.9709222903641,2.7844393457598926e-13,unvalidated-engineering-priors,fixed independent scenario factor; no N cycle,,,,right_censored,BBCH89_full_ripeness,,,
17,ag_095_040,wheat,1998,1997-10-12,1998-06-10,364789.7923446728,adaptive_98,1.0,1.0205170042354439e-12,4.234834705130197e-12,0.0,0.0,0.04267140235271844,693.37,300.0,0.0,323.1109910639418,167.36021074321602,72.72854487805033,0.0,87.91660160502151,0.0,185.10459792253633,300.0,0.0,563.1997466852082,6931.179281284214,16403.13829448631,544.9709222903641,702.1199760775963,1.7795764861716634e-12,unvalidated-engineering-priors,fixed independent scenario factor; no N cycle,1998-04-21,1998-05-31,1998-05-31,full_ripeness,BBCH89_full_ripeness,1997-10-13,seed_layer_available_water,50.0
17,ag_095_040,fallow,1998,1998-06-11,1998-06-14,364789.7923446728,adaptive_98,1.0,8.704148513061227e-14,0.0,0.0,0.0,1.0,10.32,0.0,0.0,14.694971475746188,0.0,0.0,0.0,0.0,0.0,6.446091400623624,0.0,0.0,14.694971475746188,0.0,0.0,702.1199760775963,691.2989132012265,5.240252676230739e-14,unvalidated-engineering-priors,fixed independent scenario factor; no N cycle,,,,right_censored,BBCH89_full_ripeness,,,
17,ag_095_040,maize,1998,1998-06-15,1998-10-05,364789.7923446728,adaptive_98,1.0,9.960920976936904e-13,2.3874235921539366e-12,0.0,0.0,0.03354275471250856,723.7,80.0,0.0,19.567320237013732,193.84231530892154,98.56468793028007,0.0,45.103178282062416,0.0,489.5882825862255,80.0,0.0,311.9743234762154,8076.701199949428,15328.642088745433,691.2989132012265,648.3331288567238,-5.682121440031551e-13,unvalidated-engineering-priors,fixed independent scenario factor; no N cycle,1998-08-08,1998-09-18,1998-09-18,physiological_maturity,R6_physiological_maturity,1998-06-15,seed_layer_available_water,50.0
17,ag_095_040,fallow,1998,1998-10-06,1998-10-11,364789.7923446728,adaptive_98,1.0,1.8252066524837574e-13,0.0,0.0,0.0,1.0,0.9199999999999999,0.0,0.0,15.459641087604938,0.0,0.0,0.0,0.0,0.0,1.2513578753234227,0.0,0.0,15.459641087604938,0.0,0.0,648.3331288567238,632.542129893795,3.5016434196677437e-13,unvalidated-engineering-priors,fixed independent scenario factor; no N cycle,,,,right_censored,BBCH89_full_ripeness,,,
17,ag_095_040,wheat,1999,1998-10-12,1999-06-10,364789.7923446728,adaptive_98,1.0,9.370282327836321e-13,2.7284841053187847e-12,0.0,0.0,0.04267140235271844,330.79,300.0,0.0,261.281411830648,197.5847586758506,60.98622009377718,0.0,38.90265721249364,0.0,54.929822526976665,300.0,0.0,519.8523906002757,7211.172088797423,17050.726551389667,632.542129893795,649.6472595540507,-1.7165158183729545e-12,unvalidated-engineering-priors,fixed independent scenario factor; no N cycle,1999-04-15,1999-05-23,1999-05-23,full_ripeness,BBCH89_full_ripeness,1998-10-12,seed_layer_available_water,50.0
17,ag_095_040,fallow,1999,1999-06-11,1999-06-14,364789.7923446728,adaptive_98,1.0,1.5365486660812167e-13,0.0,0.0,0.0,1.0,0.52,0.0,0.0,5.999902967411643,0.0,0.0,0.0,0.0,0.0,2.3225689124482742,0.0,0.0,5.999902967411643,0.0,0.0,649.6472595540507,641.844787674191,-2.2248869413488137e-13,unvalidated-engineering-priors,fixed independent scenario factor; no N cycle,,,,right_censored,BBCH89_full_ripeness,,,
17,ag_095_040,maize,1999,1999-06-15,1999-10-05,364789.7923446728,adaptive_98,1.0,1.021405182655144e-12,3.097966327914037e-12,0.0,0.0,0.03354275471250856,362.04,80.0,0.0,19.179952324125306,237.563191367716,73.59673949743576,0.0,0.0,0.0,125.06240694040125,80.0,0.0,330.3398831892771,8370.221560742533,16896.443028464586,641.844787674191,628.4824975445141,-1.4008794124720225e-12,unvalidated-engineering-priors,fixed independent scenario factor; no N cycle,1999-08-11,1999-09-24,1999-09-24,physiological_maturity,R6_physiological_maturity,1999-06-16,seed_layer_available_water,50.0
17,ag_095_040,fallow,1999,1999-10-06,1999-10-11,364789.7923446728,adaptive_98,1.0,1.7852386235972517e-13,0.0,0.0,0.0,1.0,9.92,0.0,0.0,13.283262900000002,0.0,0.0,0.0,0.0,0.0,0.10604891538359372,0.0,0.0,13.283262900000002,0.0,0.0,628.4824975445141,625.0131857291304,6.661338147750939e-14,unvalidated-engineering-priors,fixed independent scenario factor; no N cycle,,,,right_censored,BBCH89_full_ripeness,,,
17,ag_095_040,wheat,2000,1999-10-12,2000-06-10,364789.7923446728,adaptive_98,1.0,7.389644451905042e-13,4.490630090003833e-12,0.0,0.0,0.04267140235271844,425.87,300.0,0.0,307.6254207092124,282.5169107666685,47.49439980976166,0.0,20.68222323795353,0.0,54.903729976313876,300.0,0.0,637.6367312856426,9543.354904286889,21301.917798249553,625.0131857291304,637.6605012292173,3.1805669209461485e-12,unvalidated-engineering-priors,fixed independent scenario factor; no N cycle,2000-04-17,2000-05-25,2000-05-25,full_ripeness,BBCH89_full_ripeness,1999-10-12,seed_layer_available_water,50.0
17,ag_095_040,fallow,2000,2000-06-11,2000-06-14,364789.7923446728,adaptive_98,1.0,1.4477308241112041e-13,0.0,0.0,0.0,1.0,1.18,0.0,0.0,16.223611438651112,0.0,0.0,0.0,0.0,0.0,0.34695729935649494,0.0,0.0,16.223611438651112,0.0,0.0,637.6605012292173,622.2699324912096,7.949196856316121e-14,unvalidated-engineering-priors,fixed independent scenario factor; no N cycle,,,,right_censored,BBCH89_full_ripeness,,,
17,ag_095_040,maize,2000,2000-06-15,2000-10-05,364789.7923446728,adaptive_98,1.0,1.0484946244559978e-12,1.9326762412674725e-12,0.0,0.0,0.03354275471250856,815.64,80.0,0.0,22.208022448508192,117.96573835672402,85.92126598643884,0.0,5.627371244563733,0.0,513.4384315161622,80.0,0.0,226.09502679167105,6074.197253063933,11917.07544198741,622.2699324912096,772.7491029388086,4.082401083849163e-12,unvalidated-engineering-priors,fixed independent scenario factor; no N cycle,2000-08-09,2000-09-21,2000-09-21,physiological_maturity,R6_physiological_maturity,2000-06-16,seed_layer_available_water,50.0
17,ag_095_040,fallow,2000,2000-10-06,2000-10-11,364789.7923446728,adaptive_98,1.0,1.2612133559741778e-13,0.0,0.0,0.0,1.0,24.790000000000003,0.0,0.0,14.7318801,0.0,0.0,0.0,0.0,0.0,20.234977819839955,0.0,0.0,14.7318801,0.0,0.0,772.7491029388086,762.5722450189683,4.072298054325074e-13,unvalidated-engineering-priors,fixed independent scenario factor; no N cycle,,,,right_censored,BBCH89_full_ripeness,,,
17,ag_095_040,wheat,2001,2000-10-12,2001-06-10,364789.7923446728,adaptive_98,1.0,9.734435479913373e-13,4.227729277772596e-12,0.0,0.0,0.04267140235271844,375.02,300.0,0.0,325.1007084599211,203.1820671109622,44.951858623738524,0.0,35.23910886503512,0.0,198.3008847752576,300.0,0.0,573.2346341946218,7684.04831965813,17187.464521940623,762.5722450189683,630.8176171840563,-2.6026958366287545e-12,unvalidated-engineering-priors,fixed independent scenario factor; no N cycle,2001-04-17,2001-05-27,2001-05-27,full_ripeness,BBCH89_full_ripeness,2000-10-12,seed_layer_available_water,50.0
17,ag_095_040,fallow,2001,2001-06-11,2001-06-14,364789.7923446728,adaptive_98,1.0,1.0835776720341528e-13,0.0,0.0,0.0,1.0,4.16,0.0,0.0,17.745917540436523,0.0,0.0,0.0,0.0,0.0,0.5637593932536247,0.0,0.0,17.745917540436523,0.0,0.0,630.8176171840563,616.6679402503661,7.105427357601002e-14,unvalidated-engineering-priors,fixed independent scenario factor; no N cycle,,,,right_censored,BBCH89_full_ripeness,,,
17,ag_095_040,maize,2001,2001-06-15,2001-10-05,364789.7923446728,adaptive_98,1.0,9.36140054363932e-13,4.320099833421409e-12,0.0,0.0,0.03354275471250856,324.19,80.0,0.0,17.26016557344922,281.089405971089,82.44654043584798,0.0,0.0,0.0,86.96737329527578,80.0,0.0,380.7961119803862,10003.21217973193,19731.836401145854,616.6679402503661,553.0944549747139,-9.755751761986176e-12,unvalidated-engineering-priors,fixed independent scenario factor; no N cycle,2001-08-09,2001-09-21,2001-09-21,physiological_maturity,R6_physiological_maturity,2001-06-15,seed_layer_available_water,50.0
17,ag_095_040,fallow,2001,2001-10-06,2001-10-11,364789.7923446728,adaptive_98,1.0,7.860379014346108e-14,0.0,0.0,0.0,1.0,3.57,0.0,0.0,13.78717675714559,0.0,0.0,0.0,0.0,0.0,0.13205227633215402,0.0,0.0,13.78717675714559,0.0,0.0,553.0944549747139,542.745225941236,2.2382096176443156e-13,unvalidated-engineering-priors,fixed independent scenario factor; no N cycle,,,,right_censored,BBCH89_full_ripeness,,,
17,ag_095_040,wheat,2002,2001-10-12,2002-06-10,364789.7923446728,adaptive_98,1.0,8.775202786637237e-13,4.291678123991005e-12,0.0,0.0,0.04267140235271844,498.05,300.0,0.0,273.7167373597648,180.67991981706416,74.85906947132764,0.0,28.960280121910813,0.0,89.42549738575953,300.0,0.0,529.2557266481566,7194.345820822438,17630.643679452507,542.745225941236,693.1537217854133,-4.225397809420883e-12,unvalidated-engineering-priors,fixed independent scenario factor; no N cycle,2002-04-09,2002-05-23,2002-05-23,full_ripeness,BBCH89_full_ripeness,2001-10-13,seed_layer_available_water,50.0
17,ag_095_040,fallow,2002,2002-06-11,2002-06-14,364789.7923446728,adaptive_98,1.0,1.6697754290362354e-13,0.0,0.0,0.0,1.0,0.0,0.0,0.0,23.392381993236057,0.0,0.0,0.0,0.0,0.0,3.236204799370743,0.0,0.0,23.392381993236057,0.0,0.0,693.1537217854133,666.5251349928064,2.5757174171303632e-14,unvalidated-engineering-priors,fixed independent scenario factor; no N cycle,,,,right_censored,BBCH89_full_ripeness,,,
17,ag_095_040,maize,2002,2002-06-15,2002-10-05,364789.7923446728,adaptive_98,1.0,8.899547765395255e-13,3.353761712787673e-12,0.0,0.0,0.03354275471250856,506.13,80.0,0.0,18.835912255363986,215.16942500857516,80.3012294992024,0.0,77.37033684799238,0.0,216.37374181653797,80.0,0.0,314.3065667631416,9016.485663821155,17004.390113182475,666.5251349928064,644.6044895651387,-4.169553591282238e-12,unvalidated-engineering-priors,fixed independent scenario factor; no N cycle,2002-08-11,2002-09-26,2002-09-26,physiological_maturity,R6_physiological_maturity,2002-06-16,seed_layer_available_water,50.0
17,ag_095_040,fallow,2002,2002-10-06,2002-10-11,364789.7923446728,adaptive_98,1.0,1.6431300764452317e-13,0.0,0.0,0.0,1.0,0.02,0.0,0.0,20.203563176628215,0.0,0.0,0.0,0.0,0.0,0.6324708623061386,0.0,0.0,20.203563176628215,0.0,0.0,644.6044895651387,623.7884555262045,-1.8962609260597674e-13,unvalidated-engineering-priors,fixed independent scenario factor; no N cycle,,,,right_censored,BBCH89_full_ripeness,,,
17,ag_095_040,wheat,2003,2002-10-12,2003-06-10,364789.7923446728,adaptive_98,1.0,1.0516032489249483e-12,3.296918293926865e-12,0.0,0.0,0.04267140235271844,400.0,300.0,0.0,287.0359960720773,169.00121298338274,63.323495732828725,0.0,44.30538875380432,0.0,114.64450991047234,300.0,0.0,519.3607047882888,6835.903009877422,15804.274705871676,623.7884555262045,645.4778520736351,4.020117572167692e-12,unvalidated-engineering-priors,fixed independent scenario factor; no N cycle,2003-04-23,2003-05-31,2003-05-31,full_ripeness,BBCH89_full_ripeness,2002-10-12,seed_layer_available_water,50.0
17,ag_095_040,fallow,2003,2003-06-11,2003-06-14,364789.7923446728,adaptive_98,1.0,9.015010959956271e-14,0.0,0.0,0.0,1.0,1.95,0.0,0.0,7.867117726499314,0.0,0.0,0.0,0.0,0.0,2.3100698873772183,0.0,0.0,7.867117726499314,0.0,0.0,645.4778520736351,637.2506644597587,-1.6497914145929826e-13,unvalidated-engineering-priors,fixed independent scenario factor; no N cycle,,,,right_censored,BBCH89_full_ripeness,,,
17,ag_095_040,maize,2003,2003-06-15,2003-10-05,364789.7923446728,adaptive_98,1.0,9.610090501155355e-13,1.8758328224066645e-12,0.0,0.0,0.03354275471250856,950.01,80.0,0.0,19.648549386672197,105.39588275462442,92.02515915704964,0.0,38.66743642388842,0.0,640.2246751643894,80.0,0.0,217.06959129834627,6336.699263609976,11929.606138098861,637.2506644597587,771.2989615731374,-2.7594593277058266e-12,unvalidated-engineering-priors,fixed independent scenario factor; no N cycle,2003-08-13,2003-09-30,2003-09-30,physiological_maturity,R6_physiological_maturity,2003-06-16,seed_layer_available_water,50.0
17,ag_095_040,fallow,2003,2003-10-06,2003-10-11,364789.7923446728,adaptive_98,1.0,1.247890679678676e-13,0.0,0.0,0.0,1.0,47.54,0.0,0.0,12.508080600000001,0.0,0.0,0.0,0.0,0.0,13.2915334828178,0.0,0.0,12.508080600000001,0.0,0.0,771.2989615731374,793.0393474903193,2.7489122089718876e-13,unvalidated-engineering-priors,fixed independent scenario factor; no N cycle,,,,right_censored,BBCH89_full_ripeness,,,
17,ag_095_040,wheat,2004,2003-10-12,2004-06-10,364789.7923446728,adaptive_98,0.75,9.983125437429408e-13,4.75353090223507e-12,0.0,0.0,0.04267140235271844,312.71999999999997,225.0,0.0,324.6334839894457,240.80565371422375,50.67408344144844,0.0,0.0,0.0,149.51672533181195,225.0,0.0,616.1132211451179,8666.643086183281,19683.793925527287,793.0393474903193,565.129401013397,-7.594813666855771e-12,unvalidated-engineering-priors,fixed independent scenario factor; no N cycle,2004-04-12,2004-05-20,2004-05-20,full_ripeness,BBCH89_full_ripeness,2003-10-12,seed_layer_available_water,50.0
17,ag_095_040,fallow,2004,2004-06-11,2004-06-14,364789.7923446728,adaptive_98,0.75,6.195044477408373e-14,0.0,0.0,0.0,1.0,27.29,0.0,0.0,6.413768783681692,0.0,0.0,0.0,0.0,0.0,0.09203692325582716,0.0,0.0,6.413768783681692,0.0,0.0,565.129401013397,585.9135953064596,-8.926193117986259e-14,unvalidated-engineering-priors,fixed independent scenario factor; no N cycle,,,,right_censored,BBCH89_full_ripeness,,,
17,ag_095_040,maize,2004,2004-06-15,2004-10-05,364789.7923446728,adaptive_98,0.75,1.1313172620930345e-12,3.979039320256561e-12,0.0,0.0,0.03354275471250856,597.41,60.0,0.0,16.64454943480366,199.02276234856103,107.59715636965689,0.0,13.367329987799655,0.0,215.47638600611114,60.0,0.0,323.2644681530216,9360.223211685085,17810.511992590553,585.9135953064596,691.2154111595245,2.718603120399621e-12,unvalidated-engineering-priors,fixed independent scenario factor; no N cycle,2004-08-10,2004-09-26,2004-09-26,physiological_maturity,R6_physiological_maturity,2004-06-15,seed_layer_available_water,50.0
17,ag_095_040,fallow,2004,2004-10-06,2004-10-11,364789.7923446728,adaptive_98,0.75,1.376676550535194e-13,0.0,0.0,0.0,1.0,0.01,0.0,0.0,18.087077674674976,0.0,0.0,0.0,0.0,0.0,2.6593992923445944,0.0,0.0,18.087077674674976,0.0,0.0,691.2154111595245,670.4789341925048,1.4033219031261979e-13,unvalidated-engineering-priors,fixed independent scenario factor; no N cycle,,,,right_censored,BBCH89_full_ripeness,,,
17,ag_095_040,wheat,2005,2004-10-12,2005-06-10,364789.7923446728,adaptive_98,0.75,9.379164112033322e-13,3.751665644813329e-12,0.0,0.0,0.04267140235271844,302.31,225.0,0.0,235.61520888943116,245.70692135110892,71.68501353183672,0.0,0.0,0.0,40.97362327171406,225.0,0.0,553.0071437723768,8875.434337553494,21088.058399631343,670.4789341925048,603.8081671484156,-1.6727730312027234e-12,unvalidated-engineering-priors,fixed independent scenario factor; no N cycle,2005-04-25,2005-06-02,2005-06-02,full_ripeness,BBCH89_full_ripeness,2004-10-12,seed_layer_available_water,50.0
17,ag_095_040,fallow,2005,2005-06-11,2005-06-14,364789.7923446728,adaptive_98,0.75,1.8562928971732617e-13,0.0,0.0,0.0,1.0,0.0,0.0,0.0,18.11331345536816,0.0,0.0,0.0,0.0,0.0,0.18613551804524325,0.0,0.0,18.11331345536816,0.0,0.0,603.8081671484156,585.5087181750024,-2.2515322939398175e-13,unvalidated-engineering-priors,fixed independent scenario factor; no N cycle,,,,right_censored,BBCH89_full_ripeness,,,
17,ag_095_040,maize,2005,2005-06-15,2005-10-05,364789.7923446728,adaptive_98,0.75,1.0729195309977513e-12,2.2737367544323206e-12,0.0,0.0,0.03354275471250856,986.16,60.0,0.0,19.11018512694209,140.12047758986694,112.65457968202544,0.0,166.34692614243383,0.0,414.1922551115417,60.0,0.0,271.88524239883446,7347.854583809221,14780.78557740177,585.5087181750024,779.244294522188,4.317435298162309e-12,unvalidated-engineering-priors,fixed independent scenario factor; no N cycle,2005-08-09,2005-09-25,2005-09-25,physiological_maturity,R6_physiological_maturity,2005-06-16,seed_layer_available_water,50.0
17,ag_095_040,fallow,2005,2005-10-06,2005-10-11,364789.7923446728,adaptive_98,0.75,1.545430450278218e-13,0.0,0.0,0.0,1.0,1.35,0.0,0.0,18.1049977,0.0,0.0,0.0,0.0,0.0,22.325843174069462,0.0,0.0,18.1049977,0.0,0.0,779.244294522188,740.1634536481184,1.652011860642233e-13,unvalidated-engineering-priors,fixed independent scenario factor; no N cycle,,,,right_censored,BBCH89_full_ripeness,,,
17,ag_095_040,wheat,2006,2005-10-12,2006-06-10,364789.7923446728,adaptive_98,0.75,8.260059303211165e-13,4.817479748453479e-12,0.0,0.0,0.04267140235271844,266.48,225.0,0.0,248.305389471275,256.76099061998974,58.64126388682266,0.0,0.0,0.0,89.23911569814514,225.0,0.0,563.7076439780874,9202.056184703202,21326.320788926,740.1634536481184,578.6966939718851,7.996936446375003e-13,unvalidated-engineering-priors,fixed independent scenario factor; no N cycle,2006-04-18,2006-05-27,2006-05-27,full_ripeness,BBCH89_full_ripeness,2005-10-12,seed_layer_available_water,50.0
17,ag_095_040,fallow,2006,2006-06-11,2006-06-14,364789.7923446728,adaptive_98,0.75,9.969802761133906e-14,0.0,0.0,0.0,1.0,12.34,0.0,0.0,8.077036491016397,0.0,0.0,0.0,0.0,0.0,0.26180213908013017,0.0,0.0,8.077036491016397,0.0,0.0,578.6966939718851,582.6978553417887,-9.792167077193881e-14,unvalidated-engineering-priors,fixed independent scenario factor; no N cycle,,,,right_censored,BBCH89_full_ripeness,,,
17,ag_095_040,maize,2006,2006-06-15,2006-10-05,364789.7923446728,adaptive_98,0.75,1.241673430740775e-12,2.2737367544323206e-12,0.0,0.0,0.03354275471250856,446.37,60.0,0.0,20.928208279645986,161.82236340779687,104.39960560416037,0.0,12.143013502486605,0.0,119.77408990323262,60.0,0.0,287.15017729160326,8030.4834191574255,15536.386275224611,582.6978553417887,670.0005746444676,-1.4029888362188103e-12,unvalidated-engineering-priors,fixed independent scenario factor; no N cycle,2006-08-08,2006-09-22,2006-09-22,physiological_maturity,R6_physiological_maturity,2006-06-15,seed_layer_available_water,50.0
17,ag_095_040,fallow,2006,2006-10-06,2006-10-11,364789.7923446728,adaptive_98,0.75,2.2604140781368187e-13,0.0,0.0,0.0,1.0,0.3,0.0,0.0,18.589320926175986,0.0,0.0,0.0,0.0,0.0,1.348600289090196,0.0,0.0,18.589320926175986,0.0,0.0,670.0005746444676,650.362653429201,4.18332035678759e-13,unvalidated-engineering-priors,fixed independent scenario factor; no N cycle,,,,right_censored,BBCH89_full_ripeness,,,
17,ag_095_040,wheat,2007,2006-10-12,2007-06-10,364789.7923446728,adaptive_98,1.0,1.0942358130705543e-12,5.286437954055145e-12,0.0,0.0,0.04267140235271844,299.38,300.0,0.0,292.3056923645277,249.58609552049694,58.31534025252443,0.0,25.40638540507644,0.0,38.914412349440134,300.0,0.0,600.2071281375491,9303.086037800653,21156.152259670904,650.362653429201,585.2147275371377,-2.352840144936863e-12,unvalidated-engineering-priors,fixed independent scenario factor; no N cycle,2007-04-15,2007-05-24,2007-05-24,full_ripeness,BBCH89_full_ripeness,2006-10-12,seed_layer_available_water,50.0
17,ag_095_040,fallow,2007,2007-06-11,2007-06-14,364789.7923446728,adaptive_98,1.0,1.3500311979441904e-13,0.0,0.0,0.0,1.0,0.01,0.0,0.0,4.707679778609728,0.0,0.0,0.0,0.0,0.0,0.29000188432664237,0.0,0.0,4.707679778609728,0.0,0.0,585.2147275371377,580.2270458742015,-1.6009416015094757e-13,unvalidated-engineering-priors,fixed independent scenario factor; no N cycle,,,,right_censored,BBCH89_full_ripeness,,,
17,ag_095_040,maize,2007,2007-06-15,2007-10-05,364789.7923446728,adaptive_98,1.0,1.3304912727107876e-12,3.097966327914037e-12,0.0,0.0,0.03354275471250856,798.05,80.0,0.0,19.447228303378886,154.18604002815337,93.16877413938539,0.0,69.89728818225203,0.0,437.8399010987408,80.0,0.0,266.8020424709176,7480.814402521582,14549.330696473724,580.2270458742015,683.7378141222924,-1.4026557693114228e-12,unvalidated-engineering-priors,fixed independent scenario factor; no N cycle,2007-08-12,2007-09-25,2007-09-25,physiological_maturity,R6_physiological_maturity,2007-06-16,seed_layer_available_water,50.0
17,ag_095_040,fallow,2007,2007-10-06,2007-10-11,364789.7923446728,adaptive_98,1.0,2.8421709430404007e-13,0.0,0.0,0.0,1.0,1.3,0.0,0.0,19.26624725162352,0.0,0.0,0.0,0.0,0.0,2.3368063741303007,0.0,0.0,19.26624725162352,0.0,0.0,683.7378141222924,663.4347604965386,6.661338147750939e-16,unvalidated-engineering-priors,fixed independent scenario factor; no N cycle,,,,right_censored,BBCH89_full_ripeness,,,
17,ag_095_040,wheat,2008,2007-10-12,2008-06-10,364789.7923446728,adaptive_98,0.75,8.606448886894214e-13,3.865352482534945e-12,0.0,0.0,0.04267140235271844,360.51,225.0,0.0,256.05797557952263,262.8555584963025,53.70360955926234,0.0,0.037590531430499396,0.0,54.602198628271246,225.0,0.0,572.6171436350875,9989.073922601152,22233.82170703261,663.4347604965386,621.6878277017511,-1.6751044995544362e-12,unvalidated-engineering-priors,fixed independent scenario factor; no N cycle,2008-04-18,2008-05-28,2008-05-28,full_ripeness,BBCH89_full_ripeness,2007-10-12,seed_layer_available_water,50.0
17,ag_095_040,fallow,2008,2008-06-11,2008-06-14,364789.7923446728,adaptive_98,0.75,4.263256414560601e-14,0.0,0.0,0.0,1.0,1.3900000000000001,0.0,0.0,5.963537949481812,0.0,0.0,0.0,0.0,0.0,0.9853473267187622,0.0,0.0,5.963537949481812,0.0,0.0,621.6878277017511,616.1289424255505,3.8968828164342995e-14,unvalidated-engineering-priors,fixed independent scenario factor; no N cycle,,,,right_censored,BBCH89_full_ripeness,,,
17,ag_095_040,maize,2008,2008-06-15,2008-10-05,364789.7923446728,adaptive_98,0.75,1.056932319443149e-12,1.8189894035458565e-12,0.0,0.0,0.03354275471250856,643.0600000000001,60.0,0.0,18.026534372386532,163.5491582572868,87.61943640616673,0.0,12.815754233109569,0.0,317.5350526274229,60.0,0.0,269.19512903584007,8127.286487713843,15132.283136677308,616.1289424255505,719.6430065291737,4.263478459165526e-12,unvalidated-engineering-priors,fixed independent scenario factor; no N cycle,2008-08-10,2008-09-23,2008-09-23,physiological_maturity,R6_physiological_maturity,2008-06-16,seed_layer_available_water,50.0
17,ag_095_040,fallow,2008,2008-10-06,2008-10-11,364789.7923446728,adaptive_98,0.75,1.5898393712632242e-13,0.0,0.0,0.0,1.0,0.060000000000000005,0.0,0.0,14.6328244,0.0,0.0,0.0,0.0,0.0,5.927593017937225,0.0,0.0,14.6328244,0.0,0.0,719.6430065291737,699.1425891112364,1.163513729807164e-13,unvalidated-engineering-priors,fixed independent scenario factor; no N cycle,,,,right_censored,BBCH89_full_ripeness,,,
17,ag_095_040,wheat,2009,2008-10-12,2009-06-10,364789.7923446728,adaptive_98,0.75,1.0755840662568517e-12,4.320099833421409e-12,0.0,0.0,0.04267140235271844,315.18,225.0,0.0,288.780755980598,224.4492044644589,52.607876845864276,0.0,0.0,0.0,62.21797639225359,225.0,0.0,565.8378372909211,8023.774100518413,18509.60855702228,699.1425891112364,611.2667754280579,3.7115310824731296e-12,unvalidated-engineering-priors,fixed independent scenario factor; no N cycle,2009-04-15,2009-05-24,2009-05-24,full_ripeness,BBCH89_full_ripeness,2008-10-12,seed_layer_available_water,50.0
17,ag_095_040,fallow,2009,2009-06-11,2009-06-14,364789.7923446728,adaptive_98,0.75,1.5210055437364645e-13,0.0,0.0,0.0,1.0,1.01,0.0,0.0,10.515828180016687,0.0,0.0,0.0,0.0,0.0,0.3621294100827882,0.0,0.0,10.515828180016687,0.0,0.0,611.2667754280579,601.3988178379589,-3.9324099532223045e-13,unvalidated-engineering-priors,fixed independent scenario factor; no N cycle,,,,right_censored,BBCH89_full_ripeness,,,
17,ag_095_040,maize,2009,2009-06-15,2009-10-05,364789.7923446728,adaptive_98,0.75,1.0249578963339445e-12,3.922195901395753e-12,0.0,0.0,0.03354275471250856,402.06,60.0,0.0,17.689655690618707,204.37959999676582,94.22365559639842,0.0,0.0,0.0,54.730951108013116,60.0,0.0,316.2929112837829,8445.275784325344,16895.29730396525,601.3988178379589,692.4349554461651,-2.2815083156046967e-12,unvalidated-engineering-priors,fixed independent scenario factor; no N cycle,2009-08-10,2009-09-26,2009-09-26,physiological_maturity,R6_physiological_maturity,2009-06-16,seed_layer_available_water,50.0
17,ag_095_040,fallow,2009,2009-10-06,2009-10-11,364789.7923446728,adaptive_98,0.75,1.794120407794253e-13,0.0,0.0,0.0,1.0,2.82,0.0,0.0,15.738679999999997,0.0,0.0,0.0,0.0,0.0,2.7411624165639736,0.0,0.0,15.738679999999997,0.0,0.0,692.4349554461651,676.7751130296011,-2.4424906541753444e-14,unvalidated-engineering-priors,fixed independent scenario factor; no N cycle,,,,right_censored,BBCH89_full_ripeness,,,
17,ag_095_040,wheat,2010,2009-10-12,2010-06-10,364789.7923446728,adaptive_98,1.0,7.37632177560954e-13,4.263256414560601e-12,0.0,0.0,0.04267140235271844,403.63,300.0,0.0,286.77407616775815,219.95534071820558,66.2645656946728,0.0,24.93644902923629,0.0,93.76971247622791,300.0,0.0,572.9939825806365,8257.598844644197,19445.125852349687,676.7751130296011,688.7049689435034,-3.0658808825023698e-12,unvalidated-engineering-priors,fixed independent scenario factor; no N cycle,2010-04-28,2010-06-05,2010-06-05,full_ripeness,BBCH89_full_ripeness,2009-10-12,seed_layer_available_water,50.0
17,ag_095_040,fallow,2010,2010-06-11,2010-06-14,364789.7923446728,adaptive_98,1.0,2.1227464230832993e-13,0.0,0.0,0.0,1.0,0.0,0.0,0.0,20.027119159653946,0.0,0.0,0.0,0.0,0.0,1.9807341327116355,0.0,0.0,20.027119159653946,0.0,0.0,688.7049689435034,666.6971156511378,8.43769498715119e-14,unvalidated-engineering-priors,fixed independent scenario factor; no N cycle,,,,right_censored,BBCH89_full_ripeness,,,
17,ag_095_040,maize,2010,2010-06-15,2010-10-05,364789.7923446728,adaptive_98,1.0,1.084465850453853e-12,2.8705926524708048e-12,0.0,0.0,0.03354275471250856,426.58,80.0,0.0,18.126985927365407,201.41763525137196,93.72687646696961,0.0,0.10152495333722378,0.0,160.44390486756438,80.0,0.0,313.271497645707,7729.240673660503,15836.542899440086,666.6971156511378,699.4601881845298,-5.933031843596837e-13,unvalidated-engineering-priors,fixed independent scenario factor; no N cycle,2010-08-08,2010-09-20,2010-09-20,physiological_maturity,R6_physiological_maturity,2010-06-15,seed_layer_available_water,50.0
17,ag_095_040,fallow,2010,2010-10-06,2010-10-11,364789.7923446728,adaptive_98,1.0,1.5543122344752192e-13,0.0,0.0,0.0,1.0,0.39,0.0,0.0,21.06957540749681,0.0,0.0,0.0,0.0,0.0,3.5477887168108975,0.0,0.0,21.06957540749681,0.0,0.0,699.4601881845298,675.2328240602224,-2.8066438062523957e-13,unvalidated-engineering-priors,fixed independent scenario factor; no N cycle,,,,right_censored,BBCH89_full_ripeness,,,
17,ag_095_040,wheat,2011,2010-10-12,2011-06-10,364789.7923446728,adaptive_98,1.0,6.750155989720952e-13,5.002220859751105e-12,0.0,0.0,0.04267140235271844,140.95,300.0,0.0,219.42493752474107,307.1158761861314,32.47320438138846,0.0,0.0,0.0,45.62139793950111,300.0,0.0,559.0140180922609,8756.696650380267,20412.817655330568,675.2328240602224,511.54740802845754,2.8039792709932954e-12,unvalidated-engineering-priors,fixed independent scenario factor; no N cycle,2011-04-19,2011-05-29,2011-05-29,full_ripeness,BBCH89_full_ripeness,2010-10-12,seed_layer_available_water,50.0
17,ag_095_040,fallow,2011,2011-06-11,2011-06-14,364789.7923446728,adaptive_98,1.0,1.270095140171179e-13,0.0,0.0,0.0,1.0,5.13,0.0,0.0,3.9098297124649277,0.0,0.0,0.0,0.0,0.0,0.016453378729709617,0.0,0.0,3.9098297124649277,0.0,0.0,511.54740802845754,512.7511249372627,1.858513343222512e-13,unvalidated-engineering-priors,fixed independent scenario factor; no N cycle,,,,right_censored,BBCH89_full_ripeness,,,
17,ag_095_040,maize,2011,2011-06-15,2011-10-05,364789.7923446728,adaptive_98,1.0,1.0089706847793423e-12,3.431921413721284e-12,0.0,0.0,0.03354275471250856,424.71,80.0,0.0,18.049150565275905,186.82632218434978,96.9340253313597,0.0,0.0,0.0,25.3405651893939,80.0,0.0,301.8094980809854,8051.605250348352,16073.558314776674,512.7511249372627,690.3110616668887,-5.2696735863833055e-12,unvalidated-engineering-priors,fixed independent scenario factor; no N cycle,2011-08-10,2011-09-27,2011-09-27,physiological_maturity,R6_physiological_maturity,2011-06-15,seed_layer_available_water,50.0
17,ag_095_040,fallow,2011,2011-10-06,2011-10-11,364789.7923446728,adaptive_98,1.0,1.4166445794216997e-13,0.0,0.0,0.0,1.0,4.08,0.0,0.0,21.077890332507298,0.0,0.0,0.0,0.0,0.0,2.3421885207061535,0.0,0.0,21.077890332507298,0.0,0.0,690.3110616668887,670.9709828136754,-1.5187850976872141e-13,unvalidated-engineering-priors,fixed independent scenario factor; no N cycle,,,,right_censored,BBCH89_full_ripeness,,,
17,ag_095_040,wheat,2012,2011-10-12,2012-06-10,364789.7923446728,adaptive_98,1.0,1.1799450305716164e-12,3.439026841078885e-12,0.0,0.0,0.04267140235271844,245.16,300.0,0.0,288.85481188583435,227.57138469707326,31.087121092612698,0.0,2.0288766048748386,0.0,75.35411588863562,300.0,0.0,547.5133176755203,7832.154002659473,17712.363674874883,670.9709828136754,591.2346726446497,-5.033529149045535e-12,unvalidated-engineering-priors,fixed independent scenario factor; no N cycle,2012-04-23,2012-05-29,2012-05-29,full_ripeness,BBCH89_full_ripeness,2011-10-12,seed_layer_available_water,50.0
17,ag_095_040,fallow,2012,2012-06-11,2012-06-14,364789.7923446728,adaptive_98,1.0,5.972999872483342e-14,0.0,0.0,0.0,1.0,0.08,0.0,0.0,4.949438471555707,0.0,0.0,0.0,0.0,0.0,0.41195144171788906,0.0,0.0,4.949438471555707,0.0,0.0,591.2346726446497,585.9532827313761,-6.716849298982197e-14,unvalidated-engineering-priors,fixed independent scenario factor; no N cycle,,,,right_censored,BBCH89_full_ripeness,,,
17,ag_095_040,maize,2012,2012-06-15,2012-10-05,364789.7923446728,adaptive_98,1.0,1.0480505352461478e-12,2.3590018827235326e-12,0.0,0.0,0.03354275471250856,441.63,80.0,0.0,22.540726146043312,229.8965101731847,56.63476356909018,0.0,5.4644551931353185,0.0,110.12095818713743,80.0,0.0,309.0719998883182,8184.0188696514515,15358.516656994398,585.9532827313761,682.9258694627792,5.922817791770285e-12,unvalidated-engineering-priors,fixed independent scenario factor; no N cycle,2012-08-10,2012-09-23,2012-09-23,physiological_maturity,R6_physiological_maturity,2012-06-16,seed_layer_available_water,50.0
17,ag_095_040,fallow,2012,2012-10-06,2012-10-11,364789.7923446728,adaptive_98,1.0,1.6120438317557273e-13,0.0,0.0,0.0,1.0,0.0,0.0,0.0,19.71077659059845,0.0,0.0,0.0,0.0,0.0,3.031327479772296,0.0,0.0,19.71077659059845,0.0,0.0,682.9258694627792,660.1837653924088,-2.5979218776228663e-13,unvalidated-engineering-priors,fixed independent scenario factor; no N cycle,,,,right_censored,BBCH89_full_ripeness,,,
17,ag_095_040,wheat,2013,2012-10-12,2013-06-10,364789.7923446728,adaptive_98,1.0,8.970602038971265e-13,3.467448550509289e-12,0.0,0.0,0.04267140235271844,275.68,300.0,0.0,291.86903245074814,250.69537186634605,45.59788026884297,0.0,0.0,0.0,41.97851172482993,300.0,0.0,588.1622845859372,7893.9916300967425,18530.1766745593,660.1837653924088,605.7229690816392,2.401301379961751e-12,unvalidated-engineering-priors,fixed independent scenario factor; no N cycle,2013-04-21,2013-05-30,2013-05-30,full_ripeness,BBCH89_full_ripeness,2012-10-12,seed_layer_available_water,50.0
17,ag_095_040,fallow,2013,2013-06-11,2013-06-14,364789.7923446728,adaptive_98,1.0,2.042810365310288e-13,0.0,0.0,0.0,1.0,0.0,0.0,0.0,9.08707008004285,0.0,0.0,0.0,0.0,0.0,0.28360805041026466,0.0,0.0,9.08707008004285,0.0,0.0,605.7229690816392,596.352290951186,1.4233059175694507e-13,unvalidated-engineering-priors,fixed independent scenario factor; no N cycle,,,,right_censored,BBCH89_full_ripeness,,,
17,ag_095_040,maize,2013,2013-06-15,2013-10-05,364789.7923446728,adaptive_98,1.0,1.1464162952279366e-12,4.320099833421409e-12,0.0,0.0,0.03354275471250856,361.33,80.0,0.0,20.46626841306749,292.8449007790825,70.63612879413603,0.0,0.0,0.0,41.6091696475864,80.0,0.0,383.947297986286,8859.495672522835,18680.96919951707,596.352290951186,612.125823317318,-4.405809050922471e-12,unvalidated-engineering-priors,fixed independent scenario factor; no N cycle,2013-08-10,2013-09-23,2013-09-23,physiological_maturity,R6_physiological_maturity,2013-06-16,seed_layer_available_water,50.0
17,ag_095_040,fallow,2013,2013-10-06,2013-10-11,364789.7923446728,adaptive_98,1.0,1.9317880628477724e-13,0.0,0.0,0.0,1.0,0.0,0.0,0.0,22.12162552278614,0.0,0.0,0.0,0.0,0.0,0.15929424257065497,0.0,0.0,22.12162552278614,0.0,0.0,612.125823317318,589.8449035519611,9.059419880941277e-14,unvalidated-engineering-priors,fixed independent scenario factor; no N cycle,,,,right_censored,BBCH89_full_ripeness,,,
17,ag_095_040,wheat,2014,2013-10-12,2014-06-10,364789.7923446728,adaptive_98,1.0,1.1519674103510624e-12,3.296918293926865e-12,0.0,0.0,0.04267140235271844,250.23,300.0,0.0,284.29203726913823,210.67314913090397,47.9531131491599,0.0,8.197156547976453,0.0,9.908900711800158,300.0,0.0,542.9182995492022,7827.619896231795,17499.25968549472,589.8449035519611,579.0505467429823,8.22675261247241e-14,unvalidated-engineering-priors,fixed independent scenario factor; no N cycle,2014-04-12,2014-05-22,2014-05-22,full_ripeness,BBCH89_full_ripeness,2013-10-12,seed_layer_available_water,50.0
17,ag_095_040,fallow,2014,2014-06-11,2014-06-14,364789.7923446728,adaptive_98,1.0,1.887379141862766e-13,0.0,0.0,0.0,1.0,3.5100000000000002,0.0,0.0,4.1057096959839425,0.0,0.0,0.0,0.0,0.0,0.25337697269107046,0.0,0.0,4.1057096959839425,0.0,0.0,579.0505467429823,578.2014600743075,-2.404743071338089e-13,unvalidated-engineering-priors,fixed independent scenario factor; no N cycle,,,,right_censored,BBCH89_full_ripeness,,,
17,ag_095_040,maize,2014,2014-06-15,2014-10-05,364789.7923446728,adaptive_98,1.0,9.614531393253856e-13,3.637978807091713e-12,0.0,0.0,0.03354275471250856,413.08,80.0,0.0,16.195447409365908,208.52120210027036,91.81986910896728,0.0,0.0,0.0,19.640299461462043,80.0,0.0,316.53651861860357,7898.195380585485,17049.43377400332,578.2014600743075,735.1046419942439,-1.985744901844555e-12,unvalidated-engineering-priors,fixed independent scenario factor; no N cycle,2014-08-12,2014-09-28,2014-09-28,physiological_maturity,R6_physiological_maturity,2014-06-16,seed_layer_available_water,50.0
17,ag_095_040,fallow,2014,2014-10-06,2014-10-11,364789.7923446728,adaptive_98,1.0,1.7763568394002505e-13,0.0,0.0,0.0,1.0,0.0,0.0,0.0,19.7801378,0.0,0.0,0.0,0.0,0.0,7.564070276239238,0.0,0.0,19.7801378,0.0,0.0,735.1046419942439,707.7604339180047,4.529709940470639e-14,unvalidated-engineering-priors,fixed independent scenario factor; no N cycle,,,,right_censored,BBCH89_full_ripeness,,,
17,ag_095_040,wheat,2015,2014-10-12,2015-06-10,364789.7923446728,adaptive_98,1.0,1.0231815394945443e-12,5.7980287238024175e-12,0.0,0.0,0.04267140235271844,392.52,300.0,0.0,317.35020313331995,194.47441795140725,58.553459766823295,0.0,27.815670816714047,0.0,160.3565548100289,300.0,0.0,570.3780808515505,7810.674743892485,17701.660122019464,707.7604339180047,641.7301274397106,6.411537967210279e-13,unvalidated-engineering-priors,fixed independent scenario factor; no N cycle,2015-04-18,2015-05-25,2015-05-25,full_ripeness,BBCH89_full_ripeness,2014-10-12,seed_layer_available_water,50.0
17,ag_095_040,fallow,2015,2015-06-11,2015-06-14,364789.7923446728,adaptive_98,1.0,1.4299672557172016e-13,0.0,0.0,0.0,1.0,0.0,0.0,0.0,7.068731168688374,0.0,0.0,0.0,0.0,0.0,1.9334716459271981,0.0,0.0,7.068731168688374,0.0,0.0,641.7301274397106,632.7279246250948,1.98507876802978e-13,unvalidated-engineering-priors,fixed independent scenario factor; no N cycle,,,,right_censored,BBCH89_full_ripeness,,,
17,ag_095_040,maize,2015,2015-06-15,2015-10-05,364789.7923446728,adaptive_98,1.0,1.1359801987964602e-12,3.581135388230905e-12,0.0,0.0,0.03354275471250856,438.47,80.0,0.0,18.75710300493054,207.53150832238327,68.05213607739184,0.0,4.229368515832467,0.0,226.40348243072893,80.0,0.0,294.34074740470567,8781.50349081071,16461.043073993555,632.7279246250948,626.2243262738293,-1.5510925877038062e-12,unvalidated-engineering-priors,fixed independent scenario factor; no N cycle,2015-08-12,2015-09-26,2015-09-26,physiological_maturity,R6_physiological_maturity,2015-06-16,seed_layer_available_water,50.0
17,ag_095_040,fallow,2015,2015-10-06,2015-10-11,364789.7923446728,adaptive_98,1.0,1.98507876802978e-13,0.0,0.0,0.0,1.0,4.79,0.0,0.0,17.878594004438092,0.0,0.0,0.0,0.0,0.0,0.3860824364942905,0.0,0.0,17.878594004438092,0.0,0.0,626.2243262738293,612.7496498328967,2.4158453015843406e-13,unvalidated-engineering-priors,fixed independent scenario factor; no N cycle,,,,right_censored,BBCH89_full_ripeness,,,
17,ag_095_040,wheat,2016,2015-10-12,2016-06-10,364789.7923446728,adaptive_98,1.0,1.1004530620084552e-12,2.8990143619012088e-12,0.0,0.0,0.04267140235271844,433.62,300.0,0.0,366.5061071310118,189.20048896308882,49.34224860866774,0.0,12.124941989415024,0.0,33.16720803641616,300.0,0.0,605.0488447027683,7110.882315238403,16499.59916228007,612.7496498328967,696.0286551042991,-1.928679438378822e-12,unvalidated-engineering-priors,fixed independent scenario factor; no N cycle,2016-04-14,2016-05-22,2016-05-22,full_ripeness,BBCH89_full_ripeness,2015-10-12,seed_layer_available_water,50.0
17,ag_095_040,fallow,2016,2016-06-11,2016-06-14,364789.7923446728,adaptive_98,1.0,1.4210854715202004e-13,0.0,0.0,0.0,1.0,2.04,0.0,0.0,19.66342323878157,0.0,0.0,0.0,0.0,0.0,1.8516767177588467,0.0,0.0,19.66342323878157,0.0,0.0,696.0286551042991,676.5535551477589,-1.6653345369377348e-13,unvalidated-engineering-priors,fixed independent scenario factor; no N cycle,,,,right_censored,BBCH89_full_ripeness,,,
17,ag_095_040,maize,2016,2016-06-15,2016-10-05,364789.7923446728,adaptive_98,1.0,1.0738077094174514e-12,4.433786671143025e-12,0.0,0.0,0.03354275471250856,432.84000000000003,80.0,0.0,18.202968773808557,245.21503223235152,73.4467768689098,0.0,39.76345046257031,0.0,195.4632573201818,80.0,0.0,336.8647778750699,9338.400751049801,17721.025103039523,676.5535551477589,617.3020694899399,-2.9983793226051603e-12,unvalidated-engineering-priors,fixed independent scenario factor; no N cycle,2016-08-09,2016-09-19,2016-09-19,physiological_maturity,R6_physiological_maturity,2016-06-15,seed_layer_available_water,50.0
17,ag_095_040,fallow,2016,2016-10-06,2016-10-11,364789.7923446728,adaptive_98,1.0,2.3514523661560816e-13,0.0,0.0,0.0,1.0,0.49,0.0,0.0,15.588812099999998,0.0,0.0,0.0,0.0,0.0,0.2284011555231124,0.0,0.0,15.588812099999998,0.0,0.0,617.3020694899399,601.9748562344168,-9.08162434143378e-14,unvalidated-engineering-priors,fixed independent scenario factor; no N cycle,,,,right_censored,BBCH89_full_ripeness,,,
17,ag_095_040,wheat,2017,2016-10-12,2017-06-10,364789.7923446728,adaptive_98,1.0,1.1501910535116622e-12,2.2311041902867146e-12,0.0,0.0,0.04267140235271844,494.05,300.0,0.0,347.86173358398264,180.79308311144976,43.0210292056534,0.0,28.810067116135475,0.0,91.2488633679072,300.0,0.0,571.6758459010858,6841.878511968179,15510.587633080544,601.9748562344168,704.2900798492861,2.2084556405843614e-12,unvalidated-engineering-priors,fixed independent scenario factor; no N cycle,2017-04-14,2017-05-23,2017-05-23,full_ripeness,BBCH89_full_ripeness,2016-10-12,seed_layer_available_water,50.0
17,ag_095_040,fallow,2017,2017-06-11,2017-06-14,364789.7923446728,adaptive_98,1.0,1.6253665080512292e-13,0.0,0.0,0.0,1.0,0.87,0.0,0.0,18.736082499999995,0.0,0.0,0.0,0.0,0.0,0.9802703723002516,0.0,0.0,18.736082499999995,0.0,0.0,704.2900798492861,685.4437269769858,1.234568003383174e-13,unvalidated-engineering-priors,fixed independent scenario factor; no N cycle,,,,right_censored,BBCH89_full_ripeness,,,
17,ag_095_040,maize,2017,2017-06-15,2017-10-05,364789.7923446728,adaptive_98,1.0,1.1035616864774056e-12,4.320099833421409e-12,0.0,0.0,0.03354275471250856,565.49,80.0,0.0,16.192323281666553,218.94738400191025,86.531234424374,0.0,11.740174181129282,0.0,194.2442248138982,80.0,0.0,321.6709417079508,8414.715303520752,17436.59674880273,685.4437269769858,803.2783862740096,-2.0965451597021456e-12,unvalidated-engineering-priors,fixed independent scenario factor; no N cycle,2017-08-08,2017-09-21,2017-09-21,physiological_maturity,R6_physiological_maturity,2017-06-15,seed_layer_available_water,50.0
17,ag_095_040,fallow,2017,2017-10-06,2017-10-11,364789.7923446728,adaptive_98,1.0,2.149391775674303e-13,0.0,0.0,0.0,1.0,37.93,0.0,0.0,10.417841499999998,0.0,0.0,0.0,0.0,0.0,35.97766222569982,0.0,0.0,10.417841499999998,0.0,0.0,803.2783862740096,794.8128825483093,4.618527782440651e-13,unvalidated-engineering-priors,fixed independent scenario factor; no N cycle,,,,right_censored,BBCH89_full_ripeness,,,
17,ag_095_040,wheat,2018,2017-10-12,2018-06-10,364789.7923446728,adaptive_98,1.0,8.526512829121202e-13,5.4356519285647664e-12,0.0,0.0,0.04267140235271844,338.77,300.0,0.0,275.54458100556883,236.7217311626821,59.02574083213499,0.0,46.07189335617126,0.0,172.2273246152975,300.0,0.0,571.2920530003859,8248.828949180723,19406.64067995007,794.8128825483093,643.9916115764535,1.1497469643018121e-12,unvalidated-engineering-priors,fixed independent scenario factor; no N cycle,2018-04-15,2018-05-24,2018-05-24,full_ripeness,BBCH89_full_ripeness,2017-10-12,seed_layer_available_water,50.0
17,ag_095_040,fallow,2018,2018-06-11,2018-06-14,364789.7923446728,adaptive_98,1.0,1.1102230246251565e-13,0.0,0.0,0.0,1.0,0.0,0.0,0.0,7.216415503574025,0.0,0.0,0.0,0.0,0.0,1.688627154452137,0.0,0.0,7.216415503574025,0.0,0.0,643.9916115764535,635.0865689184271,1.7053025658242404e-13,unvalidated-engineering-priors,fixed independent scenario factor; no N cycle,,,,right_censored,BBCH89_full_ripeness,,,
17,ag_095_040,maize,2018,2018-06-15,2018-10-05,364789.7923446728,adaptive_98,1.0,1.241673430740775e-12,4.376943252282217e-12,0.0,0.0,0.03354275471250856,488.58,80.0,0.0,18.80472589601284,245.42882621078311,64.91482168071708,0.0,49.53215023640405,0.0,178.87312333826452,80.0,0.0,329.14837378751304,7735.614399439389,16122.237700425747,635.0865689184271,646.1129215562403,5.223710353163824e-12,unvalidated-engineering-priors,fixed independent scenario factor; no N cycle,2018-08-09,2018-09-21,2018-09-21,physiological_maturity,R6_physiological_maturity,2018-06-16,seed_layer_available_water,50.0
17,ag_095_040,fallow,2018,2018-10-06,2018-10-11,364789.7923446728,adaptive_98,1.0,1.4077627952246985e-13,0.0,0.0,0.0,1.0,0.04,0.0,0.0,18.713597291998294,0.0,0.0,0.0,0.0,0.0,0.93724794580054,0.0,0.0,18.713597291998294,0.0,0.0,646.1129215562403,626.5020763184411,3.042011087472929e-13,unvalidated-engineering-priors,fixed independent scenario factor; no N cycle,,,,right_censored,BBCH89_full_ripeness,,,
17,ag_095_040,wheat,2019,2018-10-12,2019-06-10,364789.7923446728,adaptive_98,1.0,1.0551559626037488e-12,4.888534022029489e-12,0.0,0.0,0.04267140235271844,251.12,300.0,0.0,286.0429929847106,238.97956354007664,46.793118647092044,0.0,11.50710759263178,0.0,25.358425624175453,300.0,0.0,571.8156751718793,8630.843277932045,19706.805420747798,626.5020763184411,568.9408679297542,4.1217029789208937e-13,unvalidated-engineering-priors,fixed independent scenario factor; no N cycle,2019-04-17,2019-05-28,2019-05-28,full_ripeness,BBCH89_full_ripeness,2018-10-12,seed_layer_available_water,50.0
17,ag_095_040,fallow,2019,2019-06-11,2019-06-14,364789.7923446728,adaptive_98,1.0,2.0339285811132868e-13,0.0,0.0,0.0,1.0,0.13999999999999999,0.0,0.0,8.767158955667334,0.0,0.0,0.0,0.0,0.0,0.10126077837647025,0.0,0.0,8.767158955667334,0.0,0.0,568.9408679297542,560.2124481957101,3.0464519795714295e-13,unvalidated-engineering-priors,fixed independent scenario factor; no N cycle,,,,right_censored,BBCH89_full_ripeness,,,
17,ag_095_040,maize,2019,2019-06-15,2019-10-05,364789.7923446728,adaptive_98,1.0,7.691625114603085e-13,6.59383658785373e-12,0.0,0.0,0.03354275471250856,226.68,80.0,0.0,17.903292414672798,285.6576660031357,70.50227116240153,0.0,0.0,0.0,12.630830360698496,80.0,0.0,374.06322958021,8721.290420835689,17940.061999937552,560.2124481957101,480.1983882548042,-2.6397772856512347e-12,unvalidated-engineering-priors,fixed independent scenario factor; no N cycle,2019-08-10,2019-09-21,2019-09-21,physiological_maturity,R6_physiological_maturity,2019-06-16,seed_layer_available_water,50.0
17,ag_095_040,fallow,2019,2019-10-06,2019-10-11,364789.7923446728,adaptive_98,1.0,1.305622276959184e-13,0.0,0.0,0.0,1.0,23.21,0.0,0.0,11.0199039,0.0,0.0,0.0,0.0,0.0,0.0071820229650226925,0.0,0.0,11.0199039,0.0,0.0,480.1983882548042,492.3813023318391,5.384581669432009e-14,unvalidated-engineering-priors,fixed independent scenario factor; no N cycle,,,,right_censored,BBCH89_full_ripeness,,,
17,ag_095_040,wheat,2020,2019-10-12,2020-06-10,364789.7923446728,adaptive_98,1.0,7.107647803650252e-13,3.61666252501891e-12,0.0,0.0,0.04267140235271844,218.45,300.0,0.0,248.52856141588842,223.03738499639252,42.45044527730326,0.0,5.417270578449674,0.0,0.4724987855619087,300.0,0.0,514.0163916895842,7472.827118494157,17200.34579657603,492.3813023318391,490.92514127824313,2.036149027162537e-13,unvalidated-engineering-priors,fixed independent scenario factor; no N cycle,2020-04-11,2020-05-23,2020-05-23,full_ripeness,BBCH89_full_ripeness,2019-10-12,seed_layer_available_water,50.0
17,ag_095_040,fallow,2020,2020-06-11,2020-06-14,364789.7923446728,adaptive_98,1.0,6.750155989720952e-14,0.0,0.0,0.0,1.0,22.19,0.0,0.0,13.815296813908601,0.0,0.0,0.0,0.0,0.0,0.005582702641970204,0.0,0.0,13.815296813908601,0.0,0.0,490.92514127824313,499.29426176169267,-1.0613732115416497e-13,unvalidated-engineering-priors,fixed independent scenario factor; no N cycle,,,,right_censored,BBCH89_full_ripeness,,,
17,ag_095_040,maize,2020,2020-06-15,2020-10-05,364789.7923446728,adaptive_98,1.0,9.174883075502294e-13,2.8421709430404007e-12,0.0,0.0,0.03354275471250856,710.41,80.0,0.0,17.9139668594935,183.02034231508452,69.41791578266671,0.0,93.98370050050298,0.0,238.0645319238399,80.0,0.0,270.3522249572447,7533.874747448543,14683.416513397864,499.29426176169267,687.3038043801039,1.195155086008981e-12,unvalidated-engineering-priors,fixed independent scenario factor; no N cycle,2020-08-11,2020-09-23,2020-09-23,physiological_maturity,R6_physiological_maturity,2020-06-15,seed_layer_available_water,50.0
17,ag_095_040,fallow,2020,2020-10-06,2020-10-11,364789.7923446728,adaptive_98,1.0,1.2390088954816747e-13,0.0,0.0,0.0,1.0,1.6,0.0,0.0,12.611518100000001,0.0,0.0,0.0,0.0,0.0,1.479217707422122,0.0,0.0,12.611518100000001,0.0,0.0,687.3038043801039,674.8130685726818,-4.0190073491430667e-14,unvalidated-engineering-priors,fixed independent scenario factor; no N cycle,,,,right_censored,BBCH89_full_ripeness,,,
17,ag_095_040,wheat,2021,2020-10-12,2021-06-10,364789.7923446728,adaptive_98,1.0,1.2114753644709708e-12,3.183231456205249e-12,0.0,0.0,0.04267140235271844,325.91,300.0,0.0,259.3090393242143,197.97228574619166,61.76501993455013,0.0,28.589543732307778,0.0,106.66188885242128,300.0,0.0,519.046345004956,7526.609942826999,17745.55398283167,674.8130685726818,646.4252909830003,-3.6701752748058425e-12,unvalidated-engineering-priors,fixed independent scenario factor; no N cycle,2021-04-12,2021-05-22,2021-05-22,full_ripeness,BBCH89_full_ripeness,2020-10-12,seed_layer_available_water,50.0
17,ag_095_040,fallow,2021,2021-06-11,2021-06-14,364789.7923446728,adaptive_98,1.0,1.8118839761882555e-13,0.0,0.0,0.0,1.0,57.46,0.0,0.0,9.07487627221508,0.0,0.0,0.0,0.0,0.0,2.7672679797581132,0.0,0.0,9.07487627221508,0.0,0.0,646.4252909830003,692.0431467310274,-2.637889906509372e-13,unvalidated-engineering-priors,fixed independent scenario factor; no N cycle,,,,right_censored,BBCH89_full_ripeness,,,
17,ag_095_040,maize,2021,2021-06-15,2021-10-05,364789.7923446728,adaptive_98,1.0,8.859579736508749e-13,1.6200374375330284e-12,0.0,0.0,0.03354275471250856,643.62,80.0,0.0,17.850330547157245,168.344426597146,83.83998256301614,0.0,33.877479533718535,0.0,405.15370326552363,80.0,0.0,270.0347397073194,7025.778958183277,13927.456785071445,692.0431467310274,706.5972242244659,-7.771561172376096e-14,unvalidated-engineering-priors,fixed independent scenario factor; no N cycle,2021-08-09,2021-09-21,2021-09-21,physiological_maturity,R6_physiological_maturity,2021-06-15,seed_layer_available_water,50.0
17,ag_095_040,fallow,2021,2021-10-06,2021-10-11,364789.7923446728,adaptive_98,1.0,1.4210854715202004e-13,0.0,0.0,0.0,1.0,7.78,0.0,0.0,10.3797924,0.0,0.0,0.0,0.0,0.0,3.861531000245669,0.0,0.0,10.3797924,0.0,0.0,706.5972242244659,700.1359008242202,-2.19824158875781e-14,unvalidated-engineering-priors,fixed independent scenario factor; no N cycle,,,,right_censored,BBCH89_full_ripeness,,,
17,ag_095_040,wheat,2022,2021-10-12,2022-06-10,364789.7923446728,adaptive_98,0.75,1.043165553937797e-12,3.495870259939693e-12,0.0,0.0,0.04267140235271844,317.33,225.0,0.0,257.1631967664622,241.75184602786203,56.36470063879666,0.0,19.052709185619676,0.0,69.7588863387578,225.0,0.0,555.2797434331209,8615.461872422191,20036.568732638,700.1359008242202,598.374561866722,-1.3816725541460073e-13,unvalidated-engineering-priors,fixed independent scenario factor; no N cycle,2022-04-10,2022-05-21,2022-05-21,full_ripeness,BBCH89_full_ripeness,2021-10-12,seed_layer_available_water,50.0
17,ag_095_040,fallow,2022,2022-06-11,2022-06-14,364789.7923446728,adaptive_98,0.75,5.6288307348495437e-14,0.0,0.0,0.0,1.0,1.1400000000000001,0.0,0.0,4.993256312502573,0.0,0.0,0.0,0.0,0.0,0.5734860964063235,0.0,0.0,4.993256312502573,0.0,0.0,598.374561866722,593.9478194578132,-8.815170815523743e-14,unvalidated-engineering-priors,fixed independent scenario factor; no N cycle,,,,right_censored,BBCH89_full_ripeness,,,
17,ag_095_040,maize,2022,2022-06-15,2022-10-05,364789.7923446728,adaptive_98,0.75,1.0080825063596421e-12,3.467448550509289e-12,0.0,0.0,0.03354275471250856,418.95,60.0,0.0,22.009230235900848,273.1324336068158,64.95911601851088,0.0,0.0,0.0,82.01326729379691,60.0,0.0,360.1007798612276,8977.312512558889,17931.544143720217,593.9478194578132,630.7837723027836,5.131117752910086e-12,unvalidated-engineering-priors,fixed independent scenario factor; no N cycle,2022-08-11,2022-09-24,2022-09-24,physiological_maturity,R6_physiological_maturity,2022-06-16,seed_layer_available_water,50.0
17,ag_095_040,fallow,2022,2022-10-06,2022-10-11,364789.7923446728,adaptive_98,0.75,1.496580637194711e-13,0.0,0.0,0.0,1.0,15.42,0.0,0.0,14.787462699999997,0.0,0.0,0.0,0.0,0.0,0.12325616385792337,0.0,0.0,14.787462699999997,0.0,0.0,630.7837723027836,631.2930534389255,1.7119639039719914e-13,unvalidated-engineering-priors,fixed independent scenario factor; no N cycle,,,,right_censored,BBCH89_full_ripeness,,,
17,ag_095_040,wheat,2023,2022-10-12,2023-06-10,364789.7923446728,adaptive_98,1.0,9.983125437429408e-13,4.831690603168681e-12,0.0,0.0,0.04267140235271844,321.73,300.0,0.0,312.5321988574757,229.0799530401885,42.41986478737653,0.0,13.081768687164459,0.0,24.586213494321683,300.0,0.0,584.0320166850407,7572.920895157281,17623.3352529265,631.2930534389255,631.3230545724026,-3.9745984281580604e-12,unvalidated-engineering-priors,fixed independent scenario factor; no N cycle,2023-04-13,2023-05-24,2023-05-24,full_ripeness,BBCH89_full_ripeness,2022-10-12,seed_layer_available_water,50.0
17,ag_095_040,fallow,2023,2023-06-11,2023-06-14,364789.7923446728,adaptive_98,1.0,1.9606538614880265e-13,0.0,0.0,0.0,1.0,5.48,0.0,0.0,12.086142401963878,0.0,0.0,0.0,0.0,0.0,0.6407450241613708,0.0,0.0,12.086142401963878,0.0,0.0,631.3230545724026,624.0761671462772,2.0539125955565396e-13,unvalidated-engineering-priors,fixed independent scenario factor; no N cycle,,,,right_censored,BBCH89_full_ripeness,,,
17,ag_095_040,maize,2023,2023-06-15,2023-10-05,364789.7923446728,adaptive_98,1.0,1.212363542890671e-12,3.637978807091713e-12,0.0,0.0,0.03354275471250856,579.49,80.0,0.0,17.844460874642525,221.65683283427504,92.49617848683494,0.0,5.500103400950492,0.0,178.94396868477702,80.0,0.0,331.9974721957525,8665.111286307074,17656.15996653778,624.0761671462772,767.124622864802,-4.7979398232200765e-12,unvalidated-engineering-priors,fixed independent scenario factor; no N cycle,2023-08-09,2023-09-20,2023-09-20,physiological_maturity,R6_physiological_maturity,2023-06-16,seed_layer_available_water,50.0
17,ag_095_040,fallow,2023,2023-10-06,2023-10-11,364789.7923446728,adaptive_98,1.0,2.4513724383723456e-13,0.0,0.0,0.0,1.0,3.02,0.0,0.0,14.474356899999998,0.0,0.0,0.0,0.0,0.0,16.771066269459983,0.0,0.0,14.474356899999998,0.0,0.0,767.124622864802,738.8991996953418,1.1812772982011666e-13,unvalidated-engineering-priors,fixed independent scenario factor; no N cycle,,,,right_censored,BBCH89_full_ripeness,,,
17,ag_095_040,wheat,2024,2023-10-12,2024-06-10,364789.7923446728,adaptive_98,0.75,9.263700917472306e-13,4.263256414560601e-12,0.0,0.0,0.04267140235271844,280.51,225.0,0.0,285.7268280550905,250.85278750929376,53.27712659770966,0.0,0.0,0.0,91.37160863999546,225.0,0.0,589.856742162094,9236.582968270257,20464.7510855553,738.8991996953418,563.1808488932484,4.1205927558962685e-12,unvalidated-engineering-priors,fixed independent scenario factor; no N cycle,2024-04-15,2024-05-25,2024-05-25,full_ripeness,BBCH89_full_ripeness,2023-10-12,seed_layer_available_water,50.0
17,ag_095_040,fallow,2024,2024-06-11,2024-06-14,364789.7923446728,adaptive_98,0.75,2.8110846983508964e-13,0.0,0.0,0.0,1.0,0.32,0.0,0.0,3.7518688860899685,0.0,0.0,0.0,0.0,0.0,0.17777070700676806,0.0,0.0,3.7518688860899685,0.0,0.0,563.1808488932484,559.5712093001515,1.2145839889399213e-13,unvalidated-engineering-priors,fixed independent scenario factor; no N cycle,,,,right_censored,BBCH89_full_ripeness,,,
17,ag_095_040,maize,2024,2024-06-15,2024-10-05,364789.7923446728,adaptive_98,0.75,1.2465584120491258e-12,2.4442670110147446e-12,0.0,0.0,0.03354275471250856,578.96,60.0,0.0,21.582891264664447,193.1502203384425,93.47483374879232,0.0,7.485386611097004,0.0,259.82484508521105,60.0,0.0,308.20794535189924,7329.645917868909,14705.467727487743,559.5712093001515,623.0130322519399,4.284794741238329e-12,unvalidated-engineering-priors,fixed independent scenario factor; no N cycle,2024-08-09,2024-09-19,2024-09-19,physiological_maturity,R6_physiological_maturity,2024-06-16,seed_layer_available_water,50.0
17,ag_095_040,fallow,2024,2024-10-06,2024-10-11,364789.7923446728,adaptive_98,0.75,8.126832540256146e-14,0.0,0.0,0.0,1.0,2.82,0.0,0.0,15.434459200666216,0.0,0.0,0.0,0.0,0.0,0.44462262334160574,0.0,0.0,15.434459200666216,0.0,0.0,623.0130322519399,609.9539504279321,-5.972999872483342e-14,unvalidated-engineering-priors,fixed independent scenario factor; no N cycle,,,,right_censored,BBCH89_full_ripeness,,,
17,ag_095_040,wheat,2025,2024-10-12,2025-06-10,364789.7923446728,adaptive_98,0.75,8.686384944667225e-13,3.964828465541359e-12,0.0,0.0,0.04267140235271844,297.21,225.0,0.0,299.630143754245,301.30147678513043,37.552113529921904,0.0,0.0,0.0,15.032302202792728,225.0,0.0,638.4837340692973,8975.499740397152,20346.239795259662,609.9539504279321,478.6479141558435,-1.4377388168895777e-12,unvalidated-engineering-priors,fixed independent scenario factor; no N cycle,2025-04-11,2025-05-22,2025-05-22,full_ripeness,BBCH89_full_ripeness,2024-10-12,seed_layer_available_water,50.0
17,ag_095_040,fallow,2025,2025-06-11,2025-06-14,364789.7923446728,adaptive_98,0.75,6.128431095930864e-14,0.0,0.0,0.0,1.0,10.139999999999999,0.0,0.0,6.540636737329321,0.0,0.0,0.0,0.0,0.0,0.003651034067233938,0.0,0.0,6.540636737329321,0.0,0.0,478.6479141558435,482.24362638444705,-8.715250743307479e-14,unvalidated-engineering-priors,fixed independent scenario factor; no N cycle,,,,right_censored,BBCH89_full_ripeness,,,
17,ag_095_040,maize,2025,2025-06-15,2025-10-05,364789.7923446728,adaptive_98,0.75,7.567280135845067e-13,3.865352482534945e-12,0.0,0.0,0.03354275471250856,637.58,60.0,0.0,17.452598847559614,198.02661869992568,116.83020743822475,0.0,0.0,0.0,56.07336959943032,60.0,0.0,332.30942498571005,7776.7827766527835,17252.05253281651,482.24362638444705,791.4408317993081,-1.357913781419029e-12,unvalidated-engineering-priors,fixed independent scenario factor; no N cycle,2025-08-11,2025-09-24,2025-09-24,physiological_maturity,R6_physiological_maturity,2025-06-15,seed_layer_available_water,50.0
17,ag_095_040,fallow,1996,1996-01-01,1996-10-11,364789.7923446728,rain_95_matched,1.0,2.984279490192421e-13,0.0,0.0,0.0,1.0,974.85,0.0,0.0,707.9558673549423,0.0,0.0,0.0,1.2227744113754788,0.0,157.09980383085534,0.0,0.0,707.9558673549423,0.0,0.0,573.7456994339389,682.3172538367659,-9.54236689665322e-14,unvalidated-engineering-priors,fixed independent scenario factor; no N cycle,,,,right_censored,BBCH89_full_ripeness,,,
17,ag_095_040,wheat,1997,1996-10-12,1997-06-10,364789.7923446728,rain_95_matched,1.0,9.938716516444401e-13,4.234834705130197e-12,0.0,0.0,0.04267140235271844,522.08,300.0,0.0,321.8742671864218,190.18548816271567,48.42348470232227,0.0,43.37055241018021,0.0,243.22187198495024,300.0,0.0,560.4832400514597,7469.153887333927,17111.737880168515,682.3172538367659,657.3215893901737,1.9819701435608295e-12,unvalidated-engineering-priors,fixed independent scenario factor; no N cycle,1997-04-20,1997-05-29,1997-05-29,full_ripeness,BBCH89_full_ripeness,1996-10-12,seed_layer_available_water,50.0
17,ag_095_040,fallow,1997,1997-06-11,1997-06-14,364789.7923446728,rain_95_matched,1.0,1.1457501614131615e-13,0.0,0.0,0.0,1.0,0.060000000000000005,0.0,0.0,11.85343237056242,0.0,0.0,0.0,0.0,0.0,2.1153781087475676,0.0,0.0,11.85343237056242,0.0,0.0,657.3215893901737,643.4127789108638,-1.2301271112846734e-13,unvalidated-engineering-priors,fixed independent scenario factor; no N cycle,,,,right_censored,BBCH89_full_ripeness,,,
17,ag_095_040,maize,1997,1997-06-15,1997-10-05,364789.7923446728,rain_95_matched,1.0,9.183764859699295e-13,4.916955731459893e-12,0.0,0.0,0.03354275471250856,370.71,80.0,0.0,18.912906896204785,269.2691596744207,71.45387518546947,0.0,10.135326790406868,0.0,163.7253006224479,80.0,0.0,359.63594175609495,9956.256844314503,19027.97233838087,643.4127789108638,560.6262097419147,-6.090683513093609e-13,unvalidated-engineering-priors,fixed independent scenario factor; no N cycle,1997-08-10,1997-09-24,1997-09-24,physiological_maturity,R6_physiological_maturity,1997-06-16,seed_layer_available_water,50.0
17,ag_095_040,fallow,1997,1997-10-06,1997-10-11,364789.7923446728,rain_95_matched,1.0,1.8429702208777599e-13,0.0,0.0,0.0,1.0,0.21,0.0,0.0,15.777071708687393,0.0,0.0,0.0,0.0,0.0,0.08821574286296398,0.0,0.0,15.777071708687393,0.0,0.0,560.6262097419147,544.9709222903641,2.7844393457598926e-13,unvalidated-engineering-priors,fixed independent scenario factor; no N cycle,,,,right_censored,BBCH89_full_ripeness,,,
17,ag_095_040,wheat,1998,1997-10-12,1998-06-10,364789.7923446728,rain_95_matched,1.0,1.0205170042354439e-12,4.234834705130197e-12,0.0,0.0,0.04267140235271844,693.37,300.0,0.0,323.1109910639418,167.36021074321602,72.72854487805033,0.0,87.91660160502151,0.0,185.10459792253633,300.0,0.0,563.1997466852082,6931.179281284214,16403.13829448631,544.9709222903641,702.1199760775963,1.7795764861716634e-12,unvalidated-engineering-priors,fixed independent scenario factor; no N cycle,1998-04-21,1998-05-31,1998-05-31,full_ripeness,BBCH89_full_ripeness,1997-10-13,seed_layer_available_water,50.0
17,ag_095_040,fallow,1998,1998-06-11,1998-06-14,364789.7923446728,rain_95_matched,1.0,8.704148513061227e-14,0.0,0.0,0.0,1.0,10.32,0.0,0.0,14.694971475746188,0.0,0.0,0.0,0.0,0.0,6.446091400623624,0.0,0.0,14.694971475746188,0.0,0.0,702.1199760775963,691.2989132012265,5.240252676230739e-14,unvalidated-engineering-priors,fixed independent scenario factor; no N cycle,,,,right_censored,BBCH89_full_ripeness,,,
17,ag_095_040,maize,1998,1998-06-15,1998-10-05,364789.7923446728,rain_95_matched,1.0,9.960920976936904e-13,2.3874235921539366e-12,0.0,0.0,0.03354275471250856,723.7,80.0,0.0,19.567320237013732,193.84231530892154,98.56468793028007,0.0,45.103178282062416,0.0,489.5882825862255,80.0,0.0,311.9743234762154,8076.701199949428,15328.642088745433,691.2989132012265,648.3331288567238,-5.682121440031551e-13,unvalidated-engineering-priors,fixed independent scenario factor; no N cycle,1998-08-08,1998-09-18,1998-09-18,physiological_maturity,R6_physiological_maturity,1998-06-15,seed_layer_available_water,50.0
17,ag_095_040,fallow,1998,1998-10-06,1998-10-11,364789.7923446728,rain_95_matched,1.0,1.8252066524837574e-13,0.0,0.0,0.0,1.0,0.9199999999999999,0.0,0.0,15.459641087604938,0.0,0.0,0.0,0.0,0.0,1.2513578753234227,0.0,0.0,15.459641087604938,0.0,0.0,648.3331288567238,632.542129893795,3.5016434196677437e-13,unvalidated-engineering-priors,fixed independent scenario factor; no N cycle,,,,right_censored,BBCH89_full_ripeness,,,
17,ag_095_040,wheat,1999,1998-10-12,1999-06-10,364789.7923446728,rain_95_matched,1.0,9.370282327836321e-13,2.7284841053187847e-12,0.0,0.0,0.04267140235271844,330.79,300.0,0.0,261.281411830648,197.5847586758506,60.98622009377718,0.0,38.90265721249364,0.0,54.929822526976665,300.0,0.0,519.8523906002757,7211.172088797423,17050.726551389667,632.542129893795,649.6472595540507,-1.7165158183729545e-12,unvalidated-engineering-priors,fixed independent scenario factor; no N cycle,1999-04-15,1999-05-23,1999-05-23,full_ripeness,BBCH89_full_ripeness,1998-10-12,seed_layer_available_water,50.0
17,ag_095_040,fallow,1999,1999-06-11,1999-06-14,364789.7923446728,rain_95_matched,1.0,1.5365486660812167e-13,0.0,0.0,0.0,1.0,0.52,0.0,0.0,5.999902967411643,0.0,0.0,0.0,0.0,0.0,2.3225689124482742,0.0,0.0,5.999902967411643,0.0,0.0,649.6472595540507,641.844787674191,-2.2248869413488137e-13,unvalidated-engineering-priors,fixed independent scenario factor; no N cycle,,,,right_censored,BBCH89_full_ripeness,,,
17,ag_095_040,maize,1999,1999-06-15,1999-10-05,364789.7923446728,rain_95_matched,1.0,1.021405182655144e-12,3.097966327914037e-12,0.0,0.0,0.03354275471250856,362.04,80.0,0.0,19.179952324125306,237.563191367716,73.59673949743576,0.0,0.0,0.0,125.06240694040125,80.0,0.0,330.3398831892771,8370.221560742533,16896.443028464586,641.844787674191,628.4824975445141,-1.4008794124720225e-12,unvalidated-engineering-priors,fixed independent scenario factor; no N cycle,1999-08-11,1999-09-24,1999-09-24,physiological_maturity,R6_physiological_maturity,1999-06-16,seed_layer_available_water,50.0
17,ag_095_040,fallow,1999,1999-10-06,1999-10-11,364789.7923446728,rain_95_matched,1.0,1.7852386235972517e-13,0.0,0.0,0.0,1.0,9.92,0.0,0.0,13.283262900000002,0.0,0.0,0.0,0.0,0.0,0.10604891538359372,0.0,0.0,13.283262900000002,0.0,0.0,628.4824975445141,625.0131857291304,6.661338147750939e-14,unvalidated-engineering-priors,fixed independent scenario factor; no N cycle,,,,right_censored,BBCH89_full_ripeness,,,
17,ag_095_040,wheat,2000,1999-10-12,2000-06-10,364789.7923446728,rain_95_matched,1.0,7.389644451905042e-13,4.490630090003833e-12,0.0,0.0,0.04267140235271844,425.87,300.0,0.0,307.6254207092124,282.5169107666685,47.49439980976166,0.0,20.68222323795353,0.0,54.903729976313876,300.0,0.0,637.6367312856426,9543.354904286889,21301.917798249553,625.0131857291304,637.6605012292173,3.1805669209461485e-12,unvalidated-engineering-priors,fixed independent scenario factor; no N cycle,2000-04-17,2000-05-25,2000-05-25,full_ripeness,BBCH89_full_ripeness,1999-10-12,seed_layer_available_water,50.0
17,ag_095_040,fallow,2000,2000-06-11,2000-06-14,364789.7923446728,rain_95_matched,1.0,1.4477308241112041e-13,0.0,0.0,0.0,1.0,1.18,0.0,0.0,16.223611438651112,0.0,0.0,0.0,0.0,0.0,0.34695729935649494,0.0,0.0,16.223611438651112,0.0,0.0,637.6605012292173,622.2699324912096,7.949196856316121e-14,unvalidated-engineering-priors,fixed independent scenario factor; no N cycle,,,,right_censored,BBCH89_full_ripeness,,,
17,ag_095_040,maize,2000,2000-06-15,2000-10-05,364789.7923446728,rain_95_matched,1.0,1.0484946244559978e-12,1.9326762412674725e-12,0.0,0.0,0.03354275471250856,815.64,80.0,0.0,22.208022448508192,117.96573835672402,85.92126598643884,0.0,5.627371244563733,0.0,513.4384315161622,80.0,0.0,226.09502679167105,6074.197253063933,11917.07544198741,622.2699324912096,772.7491029388086,4.082401083849163e-12,unvalidated-engineering-priors,fixed independent scenario factor; no N cycle,2000-08-09,2000-09-21,2000-09-21,physiological_maturity,R6_physiological_maturity,2000-06-16,seed_layer_available_water,50.0
17,ag_095_040,fallow,2000,2000-10-06,2000-10-11,364789.7923446728,rain_95_matched,1.0,1.2612133559741778e-13,0.0,0.0,0.0,1.0,24.790000000000003,0.0,0.0,14.7318801,0.0,0.0,0.0,0.0,0.0,20.234977819839955,0.0,0.0,14.7318801,0.0,0.0,772.7491029388086,762.5722450189683,4.072298054325074e-13,unvalidated-engineering-priors,fixed independent scenario factor; no N cycle,,,,right_censored,BBCH89_full_ripeness,,,
17,ag_095_040,wheat,2001,2000-10-12,2001-06-10,364789.7923446728,rain_95_matched,1.0,9.734435479913373e-13,4.227729277772596e-12,0.0,0.0,0.04267140235271844,375.02,300.0,0.0,325.1007084599211,203.1820671109622,44.951858623738524,0.0,35.23910886503512,0.0,198.3008847752576,300.0,0.0,573.2346341946218,7684.04831965813,17187.464521940623,762.5722450189683,630.8176171840563,-2.6026958366287545e-12,unvalidated-engineering-priors,fixed independent scenario factor; no N cycle,2001-04-17,2001-05-27,2001-05-27,full_ripeness,BBCH89_full_ripeness,2000-10-12,seed_layer_available_water,50.0
17,ag_095_040,fallow,2001,2001-06-11,2001-06-14,364789.7923446728,rain_95_matched,1.0,1.0835776720341528e-13,0.0,0.0,0.0,1.0,4.16,0.0,0.0,17.745917540436523,0.0,0.0,0.0,0.0,0.0,0.5637593932536247,0.0,0.0,17.745917540436523,0.0,0.0,630.8176171840563,616.6679402503661,7.105427357601002e-14,unvalidated-engineering-priors,fixed independent scenario factor; no N cycle,,,,right_censored,BBCH89_full_ripeness,,,
17,ag_095_040,maize,2001,2001-06-15,2001-10-05,364789.7923446728,rain_95_matched,1.0,9.36140054363932e-13,4.320099833421409e-12,0.0,0.0,0.03354275471250856,324.19,80.0,0.0,17.26016557344922,281.089405971089,82.44654043584798,0.0,0.0,0.0,86.96737329527578,80.0,0.0,380.7961119803862,10003.21217973193,19731.836401145854,616.6679402503661,553.0944549747139,-9.755751761986176e-12,unvalidated-engineering-priors,fixed independent scenario factor; no N cycle,2001-08-09,2001-09-21,2001-09-21,physiological_maturity,R6_physiological_maturity,2001-06-15,seed_layer_available_water,50.0
17,ag_095_040,fallow,2001,2001-10-06,2001-10-11,364789.7923446728,rain_95_matched,1.0,7.860379014346108e-14,0.0,0.0,0.0,1.0,3.57,0.0,0.0,13.78717675714559,0.0,0.0,0.0,0.0,0.0,0.13205227633215402,0.0,0.0,13.78717675714559,0.0,0.0,553.0944549747139,542.745225941236,2.2382096176443156e-13,unvalidated-engineering-priors,fixed independent scenario factor; no N cycle,,,,right_censored,BBCH89_full_ripeness,,,
17,ag_095_040,wheat,2002,2001-10-12,2002-06-10,364789.7923446728,rain_95_matched,1.0,8.775202786637237e-13,4.291678123991005e-12,0.0,0.0,0.04267140235271844,498.05,300.0,0.0,273.7167373597648,180.67991981706416,74.85906947132764,0.0,28.960280121910813,0.0,89.42549738575953,300.0,0.0,529.2557266481566,7194.345820822438,17630.643679452507,542.745225941236,693.1537217854133,-4.225397809420883e-12,unvalidated-engineering-priors,fixed independent scenario factor; no N cycle,2002-04-09,2002-05-23,2002-05-23,full_ripeness,BBCH89_full_ripeness,2001-10-13,seed_layer_available_water,50.0
17,ag_095_040,fallow,2002,2002-06-11,2002-06-14,364789.7923446728,rain_95_matched,1.0,1.6697754290362354e-13,0.0,0.0,0.0,1.0,0.0,0.0,0.0,23.392381993236057,0.0,0.0,0.0,0.0,0.0,3.236204799370743,0.0,0.0,23.392381993236057,0.0,0.0,693.1537217854133,666.5251349928064,2.5757174171303632e-14,unvalidated-engineering-priors,fixed independent scenario factor; no N cycle,,,,right_censored,BBCH89_full_ripeness,,,
17,ag_095_040,maize,2002,2002-06-15,2002-10-05,364789.7923446728,rain_95_matched,1.0,8.899547765395255e-13,3.353761712787673e-12,0.0,0.0,0.03354275471250856,506.13,80.0,0.0,18.835912255363986,215.16942500857516,80.3012294992024,0.0,77.37033684799238,0.0,216.37374181653797,80.0,0.0,314.3065667631416,9016.485663821155,17004.390113182475,666.5251349928064,644.6044895651387,-4.169553591282238e-12,unvalidated-engineering-priors,fixed independent scenario factor; no N cycle,2002-08-11,2002-09-26,2002-09-26,physiological_maturity,R6_physiological_maturity,2002-06-16,seed_layer_available_water,50.0
17,ag_095_040,fallow,2002,2002-10-06,2002-10-11,364789.7923446728,rain_95_matched,1.0,1.6431300764452317e-13,0.0,0.0,0.0,1.0,0.02,0.0,0.0,20.203563176628215,0.0,0.0,0.0,0.0,0.0,0.6324708623061386,0.0,0.0,20.203563176628215,0.0,0.0,644.6044895651387,623.7884555262045,-1.8962609260597674e-13,unvalidated-engineering-priors,fixed independent scenario factor; no N cycle,,,,right_censored,BBCH89_full_ripeness,,,
17,ag_095_040,wheat,2003,2002-10-12,2003-06-10,364789.7923446728,rain_95_matched,0.75,9.752199048307375e-13,2.6147972675971687e-12,0.0,0.0,0.04267140235271844,400.0,225.0,0.0,282.99796140012876,169.00121286233858,63.32349568924862,0.0,1.8709963308069906,0.0,87.33640764930959,225.0,0.0,515.322669951716,6835.9030064160215,15804.274695505701,623.7884555262045,644.258381594371,9.690026558928366e-13,unvalidated-engineering-priors,fixed independent scenario factor; no N cycle,2003-04-23,2003-05-31,2003-05-31,full_ripeness,BBCH89_full_ripeness,2002-10-12,seed_layer_available_water,50.0
17,ag_095_040,fallow,2003,2003-06-11,2003-06-14,364789.7923446728,rain_95_matched,0.75,1.1457501614131615e-13,0.0,0.0,0.0,1.0,1.95,0.0,0.0,7.828932565845769,0.0,0.0,0.0,0.0,0.0,2.2326153467943355,0.0,0.0,7.828932565845769,0.0,0.0,644.258381594371,636.1468336817311,-1.6986412276764895e-13,unvalidated-engineering-priors,fixed independent scenario factor; no N cycle,,,,right_censored,BBCH89_full_ripeness,,,
17,ag_095_040,maize,2003,2003-06-15,2003-10-05,364789.7923446728,rain_95_matched,0.75,1.078248601515952e-12,1.8758328224066645e-12,0.0,0.0,0.03354275471250856,950.01,60.0,0.0,19.63939966951286,105.39588275462442,92.02515915704964,0.0,38.46986278156996,0.0,619.3275677458425,60.0,0.0,217.06044158118692,6336.699263609976,11929.606138098861,636.1468336817311,771.2989615731374,-5.720424134381119e-12,unvalidated-engineering-priors,fixed independent scenario factor; no N cycle,2003-08-13,2003-09-30,2003-09-30,physiological_maturity,R6_physiological_maturity,2003-06-16,seed_layer_available_water,50.0
17,ag_095_040,fallow,2003,2003-10-06,2003-10-11,364789.7923446728,rain_95_matched,0.75,1.247890679678676e-13,0.0,0.0,0.0,1.0,47.54,0.0,0.0,12.508080600000001,0.0,0.0,0.0,0.0,0.0,13.2915334828178,0.0,0.0,12.508080600000001,0.0,0.0,771.2989615731374,793.0393474903193,2.7489122089718876e-13,unvalidated-engineering-priors,fixed independent scenario factor; no N cycle,,,,right_censored,BBCH89_full_ripeness,,,
17,ag_095_040,wheat,2004,2003-10-12,2004-06-10,364789.7923446728,rain_95_matched,0.5,7.220890552162018e-13,3.751665644813329e-12,0.0,0.0,0.04267140235271844,312.71999999999997,150.0,0.0,314.20719440902417,240.77941770367124,50.670787236441384,0.0,0.0,0.0,134.52970496512202,150.0,0.0,605.6573993491369,8665.541498134513,19681.399815955217,793.0393474903193,515.5722431760589,1.5051293544843247e-12,unvalidated-engineering-priors,fixed independent scenario factor; no N cycle,2004-04-12,2004-05-20,2004-05-20,full_ripeness,BBCH89_full_ripeness,2003-10-12,seed_layer_available_water,50.0
17,ag_095_040,fallow,2004,2004-06-11,2004-06-14,364789.7923446728,rain_95_matched,0.5,6.616929226765933e-14,0.0,0.0,0.0,1.0,27.29,0.0,0.0,5.843482009396841,0.0,0.0,0.0,0.0,0.0,0.013979389641768853,0.0,0.0,5.843482009396841,0.0,0.0,515.5722431760589,537.0047817770204,-1.0436096431476471e-13,unvalidated-engineering-priors,fixed independent scenario factor; no N cycle,,,,right_censored,BBCH89_full_ripeness,,,
17,ag_095_040,maize,2004,2004-06-15,2004-10-05,364789.7923446728,rain_95_matched,0.5,1.0467182676165976e-12,3.353761712787673e-12,0.0,0.0,0.03354275471250856,597.41,40.0,0.0,16.648291031402323,198.95913164678927,107.58225969513269,0.0,12.000853302024774,0.0,148.01400299692753,40.0,0.0,323.1896823733243,9359.080195342627,17807.754593629244,537.0047817770204,691.210243104743,8.396061623727746e-13,unvalidated-engineering-priors,fixed independent scenario factor; no N cycle,2004-08-10,2004-09-26,2004-09-26,physiological_maturity,R6_physiological_maturity,2004-06-15,seed_layer_available_water,50.0
17,ag_095_040,fallow,2004,2004-10-06,2004-10-11,364789.7923446728,rain_95_matched,0.5,1.7497114868092467e-13,0.0,0.0,0.0,1.0,0.01,0.0,0.0,18.087044081498576,0.0,0.0,0.0,0.0,0.0,2.6589769599172595,0.0,0.0,18.087044081498576,0.0,0.0,691.210243104743,670.4742220633268,3.3084646133829665e-13,unvalidated-engineering-priors,fixed independent scenario factor; no N cycle,,,,right_censored,BBCH89_full_ripeness,,,
17,ag_095_040,wheat,2005,2004-10-12,2005-06-10,364789.7923446728,rain_95_matched,0.5,9.28590537796481e-13,3.922195901395753e-12,0.0,0.0,0.04267140235271844,302.31,150.0,0.0,224.44894399566778,243.9335173502992,71.49993869927357,0.0,0.0,0.0,35.283153393708766,150.0,0.0,539.8824000452406,8813.211281769896,20905.809803369375,670.4742220633268,547.6186686243775,-2.808864252301646e-14,unvalidated-engineering-priors,fixed independent scenario factor; no N cycle,2005-04-25,2005-06-02,2005-06-02,full_ripeness,BBCH89_full_ripeness,2004-10-12,seed_layer_available_water,50.0
17,ag_095_040,fallow,2005,2005-06-11,2005-06-14,364789.7923446728,rain_95_matched,0.5,1.5631940186722204e-13,0.0,0.0,0.0,1.0,0.0,0.0,0.0,17.16580295939406,0.0,0.0,0.0,0.0,0.0,0.020554230675665915,0.0,0.0,17.16580295939406,0.0,0.0,547.6186686243775,530.4323114343076,1.5720758028692217e-13,unvalidated-engineering-priors,fixed independent scenario factor; no N cycle,,,,right_censored,BBCH89_full_ripeness,,,
17,ag_095_040,maize,2005,2005-06-15,2005-10-05,364789.7923446728,rain_95_matched,0.5,9.592326932761353e-13,2.2737367544323206e-12,0.0,0.0,0.03354275471250856,986.16,40.0,0.0,19.101552787751455,140.12047758986694,112.65457968202544,0.0,160.1655600686091,0.0,345.30570820092544,40.0,0.0,271.87661005964384,7347.854583809221,14780.78557740177,530.4323114343076,779.2444331051261,3.1614710849225958e-12,unvalidated-engineering-priors,fixed independent scenario factor; no N cycle,2005-08-09,2005-09-25,2005-09-25,physiological_maturity,R6_physiological_maturity,2005-06-16,seed_layer_available_water,50.0
17,ag_095_040,fallow,2005,2005-10-06,2005-10-11,364789.7923446728,rain_95_matched,0.5,2.2026824808563106e-13,0.0,0.0,0.0,1.0,1.35,0.0,0.0,18.1049977,0.0,0.0,0.0,0.0,0.0,22.32618930878589,0.0,0.0,18.1049977,0.0,0.0,779.2444331051261,740.1632460963398,3.9968028886505635e-13,unvalidated-engineering-priors,fixed independent scenario factor; no N cycle,,,,right_censored,BBCH89_full_ripeness,,,
17,ag_095_040,wheat,2006,2005-10-12,2006-06-10,364789.7923446728,rain_95_matched,0.5,8.597567102697212e-13,4.170885858911788e-12,0.0,0.0,0.04267140235271844,266.48,150.0,0.0,241.71810737043066,254.1177578227562,58.34289648071985,0.0,0.0,0.0,76.92619630835473,150.0,0.0,554.1787616739067,9098.033131986813,21055.685479782493,740.1632460963398,525.5382881140804,-2.051803171809752e-12,unvalidated-engineering-priors,fixed independent scenario factor; no N cycle,2006-04-18,2006-05-27,2006-05-27,full_ripeness,BBCH89_full_ripeness,2005-10-12,seed_layer_available_water,50.0
17,ag_095_040,fallow,2006,2006-06-11,2006-06-14,364789.7923446728,rain_95_matched,0.5,1.6342482922482304e-13,0.0,0.0,0.0,1.0,12.34,0.0,0.0,7.646274476140686,0.0,0.0,0.0,0.0,0.0,0.02947492610473882,0.0,0.0,7.646274476140686,0.0,0.0,525.5382881140804,530.2025387118352,-2.83550960489265e-13,unvalidated-engineering-priors,fixed independent scenario factor; no N cycle,,,,right_censored,BBCH89_full_ripeness,,,
17,ag_095_040,maize,2006,2006-06-15,2006-10-05,364789.7923446728,rain_95_matched,0.5,1.0200729150255938e-12,2.2737367544323206e-12,0.0,0.0,0.03354275471250856,446.37,40.0,0.0,20.928208279645986,161.82236340779687,104.39960560416037,0.0,8.39867603268402,0.0,54.30836147666096,40.0,0.0,287.15017729160326,8030.4834191574255,15536.386275224611,530.2025387118352,666.7153239108893,-2.275291066666796e-12,unvalidated-engineering-priors,fixed independent scenario factor; no N cycle,2006-08-08,2006-09-22,2006-09-22,physiological_maturity,R6_physiological_maturity,2006-06-15,seed_layer_available_water,50.0
17,ag_095_040,fallow,2006,2006-10-06,2006-10-11,364789.7923446728,rain_95_matched,0.5,1.283417816466681e-13,0.0,0.0,0.0,1.0,0.3,0.0,0.0,18.556582955793033,0.0,0.0,0.0,0.0,0.0,1.2132829796547908,0.0,0.0,18.556582955793033,0.0,0.0,666.7153239108893,647.2454579754415,1.9095836023552692e-14,unvalidated-engineering-priors,fixed independent scenario factor; no N cycle,,,,right_censored,BBCH89_full_ripeness,,,
17,ag_095_040,wheat,2007,2006-10-12,2007-06-10,364789.7923446728,rain_95_matched,0.75,1.0362821711851211e-12,3.467448550509289e-12,0.0,0.0,0.04267140235271844,299.38,225.0,0.0,283.93452700497437,246.9968729465357,57.69926809658745,0.0,0.0,0.0,28.14931274905184,225.0,0.0,588.6306680480975,9236.914702672093,20957.428192101986,647.2454579754415,554.8454771782921,4.08006961549745e-14,unvalidated-engineering-priors,fixed independent scenario factor; no N cycle,2007-04-15,2007-05-24,2007-05-24,full_ripeness,BBCH89_full_ripeness,2006-10-12,seed_layer_available_water,50.0
17,ag_095_040,fallow,2007,2007-06-11,2007-06-14,364789.7923446728,rain_95_matched,0.75,2.036149027162537e-13,0.0,0.0,0.0,1.0,0.01,0.0,0.0,4.275042166864571,0.0,0.0,0.0,0.0,0.0,0.09705105641821929,0.0,0.0,4.275042166864571,0.0,0.0,554.8454771782921,550.4833839550096,-2.9032332093947844e-13,unvalidated-engineering-priors,fixed independent scenario factor; no N cycle,,,,right_censored,BBCH89_full_ripeness,,,
17,ag_095_040,maize,2007,2007-06-15,2007-10-05,364789.7923446728,rain_95_matched,0.75,1.262989712813578e-12,3.097966327914037e-12,0.0,0.0,0.03354275471250856,798.05,60.0,0.0,19.43986050248946,154.18604002815337,93.16877413938539,0.0,71.47418579474544,0.0,386.52490778498196,60.0,0.0,266.7946746700282,7480.814402521582,14549.330696473724,550.4833839550096,683.7396157052535,4.3864911702939935e-13,unvalidated-engineering-priors,fixed independent scenario factor; no N cycle,2007-08-12,2007-09-25,2007-09-25,physiological_maturity,R6_physiological_maturity,2007-06-16,seed_layer_available_water,50.0
17,ag_095_040,fallow,2007,2007-10-06,2007-10-11,364789.7923446728,rain_95_matched,0.75,1.254552017826427e-13,0.0,0.0,0.0,1.0,1.3,0.0,0.0,19.26629216510781,0.0,0.0,0.0,0.0,0.0,2.336893771566345,0.0,0.0,19.26629216510781,0.0,0.0,683.7396157052535,663.4364297685794,-1.3988810110276972e-14,unvalidated-engineering-priors,fixed independent scenario factor; no N cycle,,,,right_censored,BBCH89_full_ripeness,,,
17,ag_095_040,wheat,2008,2007-10-12,2008-06-10,364789.7923446728,rain_95_matched,0.5,9.885425811262394e-13,4.490630090003833e-12,0.0,0.0,0.04267140235271844,360.51,150.0,0.0,247.59026861311943,261.8997088052326,53.601224591085,0.0,0.0,0.0,36.80366351137926,150.0,0.0,563.091202009437,9947.969760014974,22131.999587596038,663.4364297685794,574.0515642477585,4.615863247181551e-12,unvalidated-engineering-priors,fixed independent scenario factor; no N cycle,2008-04-18,2008-05-28,2008-05-28,full_ripeness,BBCH89_full_ripeness,2007-10-12,seed_layer_available_water,50.0
17,ag_095_040,fallow,2008,2008-06-11,2008-06-14,364789.7923446728,rain_95_matched,0.5,1.2745360322696797e-13,0.0,0.0,0.0,1.0,1.3900000000000001,0.0,0.0,5.4115733778493365,0.0,0.0,0.0,0.0,0.0,0.17203265695225603,0.0,0.0,5.4115733778493365,0.0,0.0,574.0515642477585,569.8579582129569,4.0523140398818214e-14,unvalidated-engineering-priors,fixed independent scenario factor; no N cycle,,,,right_censored,BBCH89_full_ripeness,,,
17,ag_095_040,maize,2008,2008-06-15,2008-10-05,364789.7923446728,rain_95_matched,0.5,1.1679546219056647e-12,1.8189894035458565e-12,0.0,0.0,0.03354275471250856,643.0600000000001,40.0,0.0,18.01747085675517,163.5491582572868,87.61943640616673,0.0,10.982431751646317,0.0,253.11400325478886,40.0,0.0,269.1860655202087,8127.286487713843,15132.283136677308,569.8579582129569,719.6354576863077,5.2713944320714745e-12,unvalidated-engineering-priors,fixed independent scenario factor; no N cycle,2008-08-10,2008-09-23,2008-09-23,physiological_maturity,R6_physiological_maturity,2008-06-16,seed_layer_available_water,50.0
17,ag_095_040,fallow,2008,2008-10-06,2008-10-11,364789.7923446728,rain_95_matched,0.5,1.474376176702208e-13,0.0,0.0,0.0,1.0,0.060000000000000005,0.0,0.0,14.6328244,0.0,0.0,0.0,0.0,0.0,5.926479921709838,0.0,0.0,14.6328244,0.0,0.0,719.6354576863077,699.136153364598,-1.3722356584366935e-13,unvalidated-engineering-priors,fixed independent scenario factor; no N cycle,,,,right_censored,BBCH89_full_ripeness,,,
17,ag_095_040,wheat,2009,2008-10-12,2009-06-10,364789.7923446728,rain_95_matched,0.5,6.52367049269742e-13,3.922195901395753e-12,0.0,0.0,0.04267140235271844,315.18,150.0,0.0,280.86192545758917,223.42929159202268,52.40485802457557,0.0,0.0,0.0,52.07311693355796,150.0,0.0,556.6960750741874,7977.870246080878,18407.957019762296,699.136153364598,555.5469613568507,1.9302892617645284e-12,unvalidated-engineering-priors,fixed independent scenario factor; no N cycle,2009-04-15,2009-05-24,2009-05-24,full_ripeness,BBCH89_full_ripeness,2008-10-12,seed_layer_available_water,50.0
17,ag_095_040,fallow,2009,2009-06-11,2009-06-14,364789.7923446728,rain_95_matched,0.5,1.270095140171179e-13,0.0,0.0,0.0,1.0,1.01,0.0,0.0,9.668909306878223,0.0,0.0,0.0,0.0,0.0,0.04056251429970539,0.0,0.0,9.668909306878223,0.0,0.0,555.5469613568507,546.8474895356728,-3.397282455352979e-14,unvalidated-engineering-priors,fixed independent scenario factor; no N cycle,,,,right_censored,BBCH89_full_ripeness,,,
17,ag_095_040,maize,2009,2009-06-15,2009-10-05,364789.7923446728,rain_95_matched,0.5,1.0622613899613498e-12,3.126388037344441e-12,0.0,0.0,0.03354275471250856,402.06,40.0,0.0,17.677886571453826,204.36217257174752,94.22188944665089,0.0,0.0,0.0,9.49776383850598,40.0,0.0,316.26194858985224,8445.077347921957,16894.809571153517,546.8474895356728,663.1477771073146,5.551115123125783e-16,unvalidated-engineering-priors,fixed independent scenario factor; no N cycle,2009-08-10,2009-09-26,2009-09-26,physiological_maturity,R6_physiological_maturity,2009-06-16,seed_layer_available_water,50.0
17,ag_095_040,fallow,2009,2009-10-06,2009-10-11,364789.7923446728,rain_95_matched,0.5,1.0036416142611415e-13,0.0,0.0,0.0,1.0,2.82,0.0,0.0,15.738679999999997,0.0,0.0,0.0,0.0,0.0,0.9939982087566233,0.0,0.0,15.738679999999997,0.0,0.0,663.1477771073146,649.2350988985579,6.683542608243442e-14,unvalidated-engineering-priors,fixed independent scenario factor; no N cycle,,,,right_censored,BBCH89_full_ripeness,,,
17,ag_095_040,wheat,2010,2009-10-12,2010-06-10,364789.7923446728,rain_95_matched,0.75,9.228173780684301e-13,3.637978807091713e-12,0.0,0.0,0.04267140235271844,403.63,225.0,0.0,278.4176313276356,219.59530172037802,66.20877321684783,0.0,0.0,0.0,43.17330617172004,225.0,0.0,564.2217062648615,8245.92430573517,19410.770240149945,649.2350988985579,670.4700864619753,1.127320459204384e-12,unvalidated-engineering-priors,fixed independent scenario factor; no N cycle,2010-04-28,2010-06-05,2010-06-05,full_ripeness,BBCH89_full_ripeness,2009-10-12,seed_layer_available_water,50.0
17,ag_095_040,fallow,2010,2010-06-11,2010-06-14,364789.7923446728,rain_95_matched,0.75,1.1546319456101628e-13,0.0,0.0,0.0,1.0,0.0,0.0,0.0,19.792052938480637,0.0,0.0,0.0,0.0,0.0,1.0997237665834039,0.0,0.0,19.792052938480637,0.0,0.0,670.4700864619753,649.5783097569109,2.8954616482224083e-13,unvalidated-engineering-priors,fixed independent scenario factor; no N cycle,,,,right_censored,BBCH89_full_ripeness,,,
17,ag_095_040,maize,2010,2010-06-15,2010-10-05,364789.7923446728,rain_95_matched,0.75,1.127986593019159e-12,2.8705926524708048e-12,0.0,0.0,0.03354275471250856,426.58,60.0,0.0,18.126985927365407,201.41763525137196,93.72687646696961,0.0,0.0,0.0,123.46605797004116,60.0,0.0,313.271497645707,7729.240673660503,15836.542899440086,649.5783097569109,699.4207541411612,1.6030510252562635e-12,unvalidated-engineering-priors,fixed independent scenario factor; no N cycle,2010-08-08,2010-09-20,2010-09-20,physiological_maturity,R6_physiological_maturity,2010-06-15,seed_layer_available_water,50.0
17,ag_095_040,fallow,2010,2010-10-06,2010-10-11,364789.7923446728,rain_95_matched,0.75,1.5365486660812167e-13,0.0,0.0,0.0,1.0,0.39,0.0,0.0,21.069153509596994,0.0,0.0,0.0,0.0,0.0,3.5431581558370944,0.0,0.0,21.069153509596994,0.0,0.0,699.4207541411612,675.1984424757273,-2.5357493882438575e-13,unvalidated-engineering-priors,fixed independent scenario factor; no N cycle,,,,right_censored,BBCH89_full_ripeness,,,
17,ag_095_040,wheat,2011,2010-10-12,2011-06-10,364789.7923446728,rain_95_matched,0.75,6.918909889463976e-13,6.110667527536862e-12,0.0,0.0,0.04267140235271844,140.95,225.0,0.0,206.34074450839265,302.78180299617713,32.00049843339703,0.0,0.0,0.0,38.91241009250322,225.0,0.0,541.1230459379668,8657.335888585632,20164.93760840514,675.1984424757273,461.1129864452552,2.1221913115709867e-12,unvalidated-engineering-priors,fixed independent scenario factor; no N cycle,2011-04-19,2011-05-29,2011-05-29,full_ripeness,BBCH89_full_ripeness,2010-10-12,seed_layer_available_water,50.0
17,ag_095_040,fallow,2011,2011-06-11,2011-06-14,364789.7923446728,rain_95_matched,0.75,1.2534417948018017e-13,0.0,0.0,0.0,1.0,5.13,0.0,0.0,3.294316065835945,0.0,0.0,0.0,0.0,0.0,0.002415607204162927,0.0,0.0,3.294316065835945,0.0,0.0,461.1129864452552,462.94625477221496,1.5210055437364645e-13,unvalidated-engineering-priors,fixed independent scenario factor; no N cycle,,,,right_censored,BBCH89_full_ripeness,,,
17,ag_095_040,maize,2011,2011-06-15,2011-10-05,364789.7923446728,rain_95_matched,0.75,9.698908343125368e-13,3.524291969370097e-12,0.0,0.0,0.03354275471250856,424.71,60.0,0.0,18.39200607045005,183.54926035018926,96.15091028631437,0.0,0.0,0.0,3.296166137163389,60.0,0.0,298.0921767069537,8082.294980656151,16027.755876620364,462.94625477221496,646.2679119280964,1.4986345497902676e-12,unvalidated-engineering-priors,fixed independent scenario factor; no N cycle,2011-08-11,2011-09-29,2011-09-29,physiological_maturity,R6_physiological_maturity,2011-06-16,seed_layer_available_water,50.0
17,ag_095_040,fallow,2011,2011-10-06,2011-10-11,364789.7923446728,rain_95_matched,0.75,1.509903313490213e-13,0.0,0.0,0.0,1.0,4.08,0.0,0.0,20.76174209791975,0.0,0.0,0.0,0.0,0.0,0.5024417928583624,0.0,0.0,20.76174209791975,0.0,0.0,646.2679119280964,629.0837280373186,-2.8110846983508964e-13,unvalidated-engineering-priors,fixed independent scenario factor; no N cycle,,,,right_censored,BBCH89_full_ripeness,,,
17,ag_095_040,wheat,2012,2011-10-12,2012-06-10,364789.7923446728,rain_95_matched,0.75,7.913669719528116e-13,3.794298208958935e-12,0.0,0.0,0.04267140235271844,245.16,225.0,0.0,276.2344975453878,227.5713845207626,31.087121071067653,0.0,0.0,0.0,31.137256674634088,225.0,0.0,534.8930031372181,7832.153997184619,17712.363660576135,629.0837280373186,533.2134682254676,-1.2179146580137967e-12,unvalidated-engineering-priors,fixed independent scenario factor; no N cycle,2012-04-23,2012-05-29,2012-05-29,full_ripeness,BBCH89_full_ripeness,2011-10-12,seed_layer_available_water,50.0
17,ag_095_040,fallow,2012,2012-06-11,2012-06-14,364789.7923446728,rain_95_matched,0.75,1.0813572259849025e-13,0.0,0.0,0.0,1.0,0.08,0.0,0.0,4.1903821331597335,0.0,0.0,0.0,0.0,0.0,0.04251344096930453,0.0,0.0,4.1903821331597335,0.0,0.0,533.2134682254676,529.0605726513385,1.2256862191861728e-13,unvalidated-engineering-priors,fixed independent scenario factor; no N cycle,,,,right_censored,BBCH89_full_ripeness,,,
17,ag_095_040,maize,2012,2012-06-15,2012-10-05,364789.7923446728,rain_95_matched,0.75,1.071143174158351e-12,2.3590018827235326e-12,0.0,0.0,0.03354275471250856,441.63,60.0,0.0,22.53001702485577,229.8965101731847,56.63476356909018,0.0,5.498710438132537,0.0,39.54240049255637,60.0,0.0,309.0612907671307,8184.0188696514515,15358.516656994398,529.0605726513385,676.5881709535093,9.554135260714247e-12,unvalidated-engineering-priors,fixed independent scenario factor; no N cycle,2012-08-10,2012-09-23,2012-09-23,physiological_maturity,R6_physiological_maturity,2012-06-16,seed_layer_available_water,50.0
17,ag_095_040,fallow,2012,2012-10-06,2012-10-11,364789.7923446728,rain_95_matched,0.75,1.2434497875801753e-13,0.0,0.0,0.0,1.0,0.0,0.0,0.0,19.541254843451764,0.0,0.0,0.0,0.0,0.0,2.5098317048090517,0.0,0.0,19.541254843451764,0.0,0.0,676.5881709535093,654.5370844052487,-1.8829382497642655e-13,unvalidated-engineering-priors,fixed independent scenario factor; no N cycle,,,,right_censored,BBCH89_full_ripeness,,,
17,ag_095_040,wheat,2013,2012-10-12,2013-06-10,364789.7923446728,rain_95_matched,0.75,8.189005029635155e-13,4.632738637155853e-12,0.0,0.0,0.04267140235271844,275.68,225.0,0.0,280.4497282458837,246.85851871417768,45.22746206550099,0.0,0.0,0.0,32.59540866218611,225.0,0.0,572.5357090255624,7775.538639395578,18198.667540438462,654.5370844052487,550.0859667174984,1.7782442185421132e-12,unvalidated-engineering-priors,fixed independent scenario factor; no N cycle,2013-04-21,2013-05-30,2013-05-30,full_ripeness,BBCH89_full_ripeness,2012-10-12,seed_layer_available_water,50.0
17,ag_095_040,fallow,2013,2013-06-11,2013-06-14,364789.7923446728,rain_95_matched,0.75,1.2034817586936697e-13,0.0,0.0,0.0,1.0,0.0,0.0,0.0,8.262959940202155,0.0,0.0,0.0,0.0,0.0,0.028735579183131958,0.0,0.0,8.262959940202155,0.0,0.0,550.0859667174984,541.794271198113,8.504308368628699e-14,unvalidated-engineering-priors,fixed independent scenario factor; no N cycle,,,,right_censored,BBCH89_full_ripeness,,,
17,ag_095_040,maize,2013,2013-06-15,2013-10-05,364789.7923446728,rain_95_matched,0.75,1.113775738303957e-12,4.774847184307873e-12,0.0,0.0,0.03354275471250856,361.33,60.0,0.0,20.45914945145695,292.79730364265026,70.63201184752246,0.0,0.0,0.0,5.4230751195151345,60.0,0.0,383.88846494162965,8858.844840437278,18679.712199980946,541.794271198113,573.8127311369656,2.691902256657386e-12,unvalidated-engineering-priors,fixed independent scenario factor; no N cycle,2013-08-10,2013-09-23,2013-09-23,physiological_maturity,R6_physiological_maturity,2013-06-16,seed_layer_available_water,50.0
17,ag_095_040,fallow,2013,2013-10-06,2013-10-11,364789.7923446728,rain_95_matched,0.75,1.2168044349891716e-13,0.0,0.0,0.0,1.0,0.0,0.0,0.0,21.450475754814345,0.0,0.0,0.0,0.0,0.0,0.03245228047575956,0.0,0.0,21.450475754814345,0.0,0.0,573.8127311369656,552.3298031016756,-1.0436096431476471e-13,unvalidated-engineering-priors,fixed independent scenario factor; no N cycle,,,,right_censored,BBCH89_full_ripeness,,,
17,ag_095_040,wheat,2014,2013-10-12,2014-06-10,364789.7923446728,rain_95_matched,1.0,9.867662242868391e-13,2.8421709430404007e-12,0.0,0.0,0.04267140235271844,250.23,300.0,0.0,289.79003452377066,197.095238322142,45.723457903614,0.0,5.752513898470934,0.0,3.4184696071142278,300.0,0.0,532.6087307495267,7342.07337878187,16314.441725788713,552.3298031016756,560.7800888465641,-3.8247183198336643e-13,unvalidated-engineering-priors,fixed independent scenario factor; no N cycle,2014-04-12,2014-05-22,2014-05-22,full_ripeness,BBCH89_full_ripeness,2013-10-12,seed_layer_available_water,50.0
17,ag_095_040,fallow,2014,2014-06-11,2014-06-14,364789.7923446728,rain_95_matched,1.0,7.549516567451064e-14,0.0,0.0,0.0,1.0,3.5100000000000002,0.0,0.0,3.9499122972320797,0.0,0.0,0.0,0.0,0.0,0.12408199374026899,0.0,0.0,3.9499122972320797,0.0,0.0,560.7800888465641,560.216094555592,-2.3003821070233244e-13,unvalidated-engineering-priors,fixed independent scenario factor; no N cycle,,,,right_censored,BBCH89_full_ripeness,,,
17,ag_095_040,maize,2014,2014-06-15,2014-10-05,364789.7923446728,rain_95_matched,1.0,1.056044141023449e-12,3.637978807091713e-12,0.0,0.0,0.03354275471250856,413.08,80.0,0.0,16.197144503815995,208.45447717478166,91.81433329375689,0.0,0.0,0.0,11.54134441894344,80.0,0.0,316.46595497235455,7897.535783542731,17047.823311091597,560.216094555592,725.2887951642952,-1.1213807660226394e-12,unvalidated-engineering-priors,fixed independent scenario factor; no N cycle,2014-08-12,2014-09-28,2014-09-28,physiological_maturity,R6_physiological_maturity,2014-06-16,seed_layer_available_water,50.0
17,ag_095_040,fallow,2014,2014-10-06,2014-10-11,364789.7923446728,rain_95_matched,1.0,1.2079226507921703e-13,0.0,0.0,0.0,1.0,0.0,0.0,0.0,19.7801378,0.0,0.0,0.0,0.0,0.0,5.397917039183106,0.0,0.0,19.7801378,0.0,0.0,725.2887951642952,700.1107403251123,-2.149391775674303e-13,unvalidated-engineering-priors,fixed independent scenario factor; no N cycle,,,,right_censored,BBCH89_full_ripeness,,,
17,ag_095_040,wheat,2015,2014-10-12,2015-06-10,364789.7923446728,rain_95_matched,0.75,9.277023593767808e-13,3.524291969370097e-12,0.0,0.0,0.04267140235271844,392.52,225.0,0.0,314.34208890643504,194.47441793401165,58.55345976282632,0.0,5.082363295719739,0.0,117.54887578242501,225.0,0.0,567.369966603273,7810.674743189427,17701.66012048747,700.1107403251123,627.6295346436964,-1.899591595133643e-12,unvalidated-engineering-priors,fixed independent scenario factor; no N cycle,2015-04-18,2015-05-25,2015-05-25,full_ripeness,BBCH89_full_ripeness,2014-10-12,seed_layer_available_water,50.0
17,ag_095_040,fallow,2015,2015-06-11,2015-06-14,364789.7923446728,rain_95_matched,0.75,1.7141843500212417e-13,0.0,0.0,0.0,1.0,0.0,0.0,0.0,6.721295148890499,0.0,0.0,0.0,0.0,0.0,1.2445934371074912,0.0,0.0,6.721295148890499,0.0,0.0,627.6295346436964,619.6636460576984,-3.019806626980426e-14,unvalidated-engineering-priors,fixed independent scenario factor; no N cycle,,,,right_censored,BBCH89_full_ripeness,,,
17,ag_095_040,maize,2015,2015-06-15,2015-10-05,364789.7923446728,rain_95_matched,0.75,1.1688428003253648e-12,3.581135388230905e-12,0.0,0.0,0.03354275471250856,438.47,60.0,0.0,18.75361309367348,207.53150832238327,68.05213607739184,0.0,2.1230291483180306,0.0,195.40429139908133,60.0,0.0,294.3372574934486,8781.50349081071,16461.043073993555,619.6636460576984,626.269068016852,-1.5082379789532752e-12,unvalidated-engineering-priors,fixed independent scenario factor; no N cycle,2015-08-12,2015-09-26,2015-09-26,physiological_maturity,R6_physiological_maturity,2015-06-16,seed_layer_available_water,50.0
17,ag_095_040,fallow,2015,2015-10-06,2015-10-11,364789.7923446728,rain_95_matched,0.75,1.3722356584366935e-13,0.0,0.0,0.0,1.0,4.79,0.0,0.0,17.878994958892463,0.0,0.0,0.0,0.0,0.0,0.38665734952352093,0.0,0.0,17.878994958892463,0.0,0.0,626.269068016852,612.7934157084359,1.1612932837579137e-13,unvalidated-engineering-priors,fixed independent scenario factor; no N cycle,,,,right_censored,BBCH89_full_ripeness,,,
17,ag_095_040,wheat,2016,2015-10-12,2016-06-10,364789.7923446728,rain_95_matched,0.75,9.485745522397337e-13,1.7053025658242404e-12,0.0,0.0,0.04267140235271844,433.62,225.0,0.0,359.2730748201354,189.20048883893557,49.342248574929854,0.0,0.0,0.0,22.626093002661687,225.0,0.0,597.8158122340009,7110.882310797034,16499.599152275605,612.7934157084359,650.9715104717732,1.9917401061775308e-13,unvalidated-engineering-priors,fixed independent scenario factor; no N cycle,2016-04-14,2016-05-22,2016-05-22,full_ripeness,BBCH89_full_ripeness,2015-10-12,seed_layer_available_water,50.0
17,ag_095_040,fallow,2016,2016-06-11,2016-06-14,364789.7923446728,rain_95_matched,0.75,1.7186252421197423e-13,0.0,0.0,0.0,1.0,2.04,0.0,0.0,18.88834316518483,0.0,0.0,0.0,0.0,0.0,0.3472107257333817,0.0,0.0,18.88834316518483,0.0,0.0,650.9715104717732,633.7759565808548,1.9673151996357774e-13,unvalidated-engineering-priors,fixed independent scenario factor; no N cycle,,,,right_censored,BBCH89_full_ripeness,,,
17,ag_095_040,maize,2016,2016-06-15,2016-10-05,364789.7923446728,rain_95_matched,0.75,9.610090501155355e-13,4.433786671143025e-12,0.0,0.0,0.03354275471250856,432.84000000000003,60.0,0.0,18.201619271709188,245.21503223235152,73.4467768689098,0.0,37.27153884017241,0.0,135.0496132399796,60.0,0.0,336.8634283729705,9338.400751049801,17721.025103039523,633.7759565808548,617.4313761277346,-2.2881696537524476e-12,unvalidated-engineering-priors,fixed independent scenario factor; no N cycle,2016-08-09,2016-09-19,2016-09-19,physiological_maturity,R6_physiological_maturity,2016-06-15,seed_layer_available_water,50.0
17,ag_095_040,fallow,2016,2016-10-06,2016-10-11,364789.7923446728,rain_95_matched,0.75,1.6653345369377348e-13,0.0,0.0,0.0,1.0,0.49,0.0,0.0,15.588812099999998,0.0,0.0,0.0,0.0,0.0,0.22932262012748003,0.0,0.0,15.588812099999998,0.0,0.0,617.4313761277346,602.1032414076072,-1.6830981053317373e-13,unvalidated-engineering-priors,fixed independent scenario factor; no N cycle,,,,right_censored,BBCH89_full_ripeness,,,
17,ag_095_040,wheat,2017,2016-10-12,2017-06-10,364789.7923446728,rain_95_matched,0.75,1.0826894936144527e-12,3.0127011996228248e-12,0.0,0.0,0.04267140235271844,494.05,225.0,0.0,343.4232001538967,180.79308309928382,43.021029203499516,0.0,3.697529239839591,0.0,71.48157832324554,225.0,0.0,567.23731245668,6841.878511373087,15510.58763188182,602.1032414076072,678.7368213878427,-6.870060076380469e-13,unvalidated-engineering-priors,fixed independent scenario factor; no N cycle,2017-04-14,2017-05-23,2017-05-23,full_ripeness,BBCH89_full_ripeness,2016-10-12,seed_layer_available_water,50.0
17,ag_095_040,fallow,2017,2017-06-11,2017-06-14,364789.7923446728,rain_95_matched,0.75,1.0125233984581428e-13,0.0,0.0,0.0,1.0,0.87,0.0,0.0,18.736082499999995,0.0,0.0,0.0,0.0,0.0,0.4021268325013874,0.0,0.0,18.736082499999995,0.0,0.0,678.7368213878427,660.4686120553413,5.773159728050814e-14,unvalidated-engineering-priors,fixed independent scenario factor; no N cycle,,,,right_censored,BBCH89_full_ripeness,,,
17,ag_095_040,maize,2017,2017-06-15,2017-10-05,364789.7923446728,rain_95_matched,0.75,9.57012247226885e-13,4.320099833421409e-12,0.0,0.0,0.03354275471250856,565.49,60.0,0.0,16.192323281666553,218.94738400191025,86.531234424374,0.0,0.0,0.0,160.9794108495845,60.0,0.0,321.6709417079508,8414.715303520752,17436.59674880273,660.4686120553413,803.3082594978092,-3.256506175830509e-12,unvalidated-engineering-priors,fixed independent scenario factor; no N cycle,2017-08-08,2017-09-21,2017-09-21,physiological_maturity,R6_physiological_maturity,2017-06-15,seed_layer_available_water,50.0
17,ag_095_040,fallow,2017,2017-10-06,2017-10-11,364789.7923446728,rain_95_matched,0.75,2.0605739337042905e-13,0.0,0.0,0.0,1.0,37.93,0.0,0.0,10.417841499999998,0.0,0.0,0.0,0.0,0.0,35.99316281784194,0.0,0.0,10.417841499999998,0.0,0.0,803.3082594978092,794.8272551799676,-2.744471316873387e-13,unvalidated-engineering-priors,fixed independent scenario factor; no N cycle,,,,right_censored,BBCH89_full_ripeness,,,
17,ag_095_040,wheat,2018,2017-10-12,2018-06-10,364789.7923446728,rain_95_matched,1.0,1.1390888232654106e-12,3.751665644813329e-12,0.0,0.0,0.04267140235271844,338.77,300.0,0.0,275.53703178504503,236.72173116242453,59.02574083207414,0.0,47.0964464797423,0.0,171.2541064515119,300.0,0.0,571.2845037795437,8248.82894917458,19406.64067993035,794.8272551799676,643.9621984691689,7.281952818516402e-13,unvalidated-engineering-priors,fixed independent scenario factor; no N cycle,2018-04-15,2018-05-24,2018-05-24,full_ripeness,BBCH89_full_ripeness,2017-10-12,seed_layer_available_water,50.0
17,ag_095_040,fallow,2018,2018-06-11,2018-06-14,364789.7923446728,rain_95_matched,1.0,2.644551244657123e-13,0.0,0.0,0.0,1.0,0.0,0.0,0.0,7.215975741535379,0.0,0.0,0.0,0.0,0.0,1.686876713924767,0.0,0.0,7.215975741535379,0.0,0.0,643.9621984691689,635.0593460137089,-1.5298873279334657e-13,unvalidated-engineering-priors,fixed independent scenario factor; no N cycle,,,,right_censored,BBCH89_full_ripeness,,,
17,ag_095_040,maize,2018,2018-06-15,2018-10-05,364789.7923446728,rain_95_matched,1.0,1.2891909761947318e-12,4.376943252282217e-12,0.0,0.0,0.03354275471250856,488.58,80.0,0.0,18.804725447331197,245.42882621078311,64.91482168071708,0.0,49.536383591466645,0.0,178.84287474539175,80.0,0.0,329.1483733388314,7735.614399439389,16122.237700425747,635.0593460137089,646.1117143380143,4.8334669600080815e-12,unvalidated-engineering-priors,fixed independent scenario factor; no N cycle,2018-08-09,2018-09-21,2018-09-21,physiological_maturity,R6_physiological_maturity,2018-06-16,seed_layer_available_water,50.0
17,ag_095_040,fallow,2018,2018-10-06,2018-10-11,364789.7923446728,rain_95_matched,1.0,9.325873406851315e-14,0.0,0.0,0.0,1.0,0.04,0.0,0.0,18.71357284748607,0.0,0.0,0.0,0.0,0.0,0.9372112406443889,0.0,0.0,18.71357284748607,0.0,0.0,646.1117143380143,626.5009302498837,1.1457501614131615e-13,unvalidated-engineering-priors,fixed independent scenario factor; no N cycle,,,,right_censored,BBCH89_full_ripeness,,,
17,ag_095_040,wheat,2019,2018-10-12,2019-06-10,364789.7923446728,rain_95_matched,1.0,1.127986593019159e-12,5.4427573559223674e-12,0.0,0.0,0.04267140235271844,251.12,300.0,0.0,286.0435326734117,238.97950280949885,46.793112572771854,0.0,11.499774352502675,0.0,25.35812258207715,300.0,0.0,571.8161480556823,8630.840354821281,19706.79894107649,626.5009302498837,568.9468852596193,2.22472040789512e-12,unvalidated-engineering-priors,fixed independent scenario factor; no N cycle,2019-04-17,2019-05-28,2019-05-28,full_ripeness,BBCH89_full_ripeness,2018-10-12,seed_layer_available_water,50.0
17,ag_095_040,fallow,2019,2019-06-11,2019-06-14,364789.7923446728,rain_95_matched,1.0,1.716404796070492e-13,0.0,0.0,0.0,1.0,0.13999999999999999,0.0,0.0,8.767222673532173,0.0,0.0,0.0,0.0,0.0,0.10128561419740727,0.0,0.0,8.767222673532173,0.0,0.0,568.9468852596193,560.2183769718898,-9.747758156208874e-14,unvalidated-engineering-priors,fixed independent scenario factor; no N cycle,,,,right_censored,BBCH89_full_ripeness,,,
17,ag_095_040,maize,2019,2019-06-15,2019-10-05,364789.7923446728,rain_95_matched,1.0,9.494627306594339e-13,3.637978807091713e-12,0.0,0.0,0.03354275471250856,226.68,80.0,0.0,17.903289921700782,285.65684352016655,70.50225359625632,0.0,0.0,0.0,12.636130105983728,80.0,0.0,374.06238703812363,8721.284306030317,17940.054029656312,560.2183769718898,480.19985982778235,9.192646643896296e-14,unvalidated-engineering-priors,fixed independent scenario factor; no N cycle,2019-08-10,2019-09-21,2019-09-21,physiological_maturity,R6_physiological_maturity,2019-06-16,seed_layer_available_water,50.0
17,ag_095_040,fallow,2019,2019-10-06,2019-10-11,364789.7923446728,rain_95_matched,1.0,1.425526363618701e-13,0.0,0.0,0.0,1.0,23.21,0.0,0.0,11.0199039,0.0,0.0,0.0,0.0,0.0,0.007183369724457843,0.0,0.0,11.0199039,0.0,0.0,480.19985982778235,492.3827725580578,8.026912468039882e-14,unvalidated-engineering-priors,fixed independent scenario factor; no N cycle,,,,right_censored,BBCH89_full_ripeness,,,
17,ag_095_040,wheat,2020,2019-10-12,2020-06-10,364789.7923446728,rain_95_matched,0.75,2.220446049250313e-13,2.9558577807620168e-12,0.0,0.0,0.04267140235271844,218.45,225.0,0.0,240.39342196183892,211.57605563898392,40.34639446932068,0.0,0.0,0.0,0.304480273856109,225.0,0.0,492.31587207014354,7034.281828142684,16271.722496030747,492.3827725580578,443.21242021405686,1.3334333637260443e-12,unvalidated-engineering-priors,fixed independent scenario factor; no N cycle,2020-04-11,2020-05-23,2020-05-23,full_ripeness,BBCH89_full_ripeness,2019-10-12,seed_layer_available_water,50.0
17,ag_095_040,fallow,2020,2020-06-11,2020-06-14,364789.7923446728,rain_95_matched,0.75,6.750155989720952e-14,0.0,0.0,0.0,1.0,22.19,0.0,0.0,13.565593228442637,0.0,0.0,0.0,0.0,0.0,0.0006119419567027385,0.0,0.0,13.565593228442637,0.0,0.0,443.21242021405686,451.8362150436575,3.2862601528904634e-14,unvalidated-engineering-priors,fixed independent scenario factor; no N cycle,,,,right_censored,BBCH89_full_ripeness,,,
17,ag_095_040,maize,2020,2020-06-15,2020-10-05,364789.7923446728,rain_95_matched,0.75,1.1999290450148692e-12,2.8421709430404007e-12,0.0,0.0,0.03354275471250856,710.41,60.0,0.0,17.91335049196773,183.02034231508452,69.41791578266671,0.0,87.13557934418391,0.0,177.44658689248644,60.0,0.0,270.3516085897189,7533.874747448543,14683.416513397864,451.8362150436575,687.3124402172681,1.0552669849062113e-13,unvalidated-engineering-priors,fixed independent scenario factor; no N cycle,2020-08-11,2020-09-23,2020-09-23,physiological_maturity,R6_physiological_maturity,2020-06-15,seed_layer_available_water,50.0
17,ag_095_040,fallow,2020,2020-10-06,2020-10-11,364789.7923446728,rain_95_matched,0.75,2.2248869413488137e-13,0.0,0.0,0.0,1.0,1.6,0.0,0.0,12.611518100000001,0.0,0.0,0.0,0.0,0.0,1.4795642352313934,0.0,0.0,12.611518100000001,0.0,0.0,687.3124402172681,674.821357882037,-2.831068712794149e-13,unvalidated-engineering-priors,fixed independent scenario factor; no N cycle,,,,right_censored,BBCH89_full_ripeness,,,
17,ag_095_040,wheat,2021,2020-10-12,2021-06-10,364789.7923446728,rain_95_matched,0.75,9.343636975245317e-13,4.547473508864641e-12,0.0,0.0,0.04267140235271844,325.91,225.0,0.0,256.11849483019284,197.61029542827464,61.67916980536231,0.0,1.924012200228825,0.0,72.7289426157937,225.0,0.0,515.4079600638298,7512.966214669987,17708.158195646934,674.821357882037,635.6704430021874,-2.799205311987407e-12,unvalidated-engineering-priors,fixed independent scenario factor; no N cycle,2021-04-12,2021-05-22,2021-05-22,full_ripeness,BBCH89_full_ripeness,2020-10-12,seed_layer_available_water,50.0
17,ag_095_040,fallow,2021,2021-06-11,2021-06-14,364789.7923446728,rain_95_matched,0.75,3.375077994860476e-13,0.0,0.0,0.0,1.0,57.46,0.0,0.0,8.966884772139812,0.0,0.0,0.0,0.0,0.0,1.9881142730632606,0.0,0.0,8.966884772139812,0.0,0.0,635.6704430021874,682.1754439569845,-1.574296248918472e-13,unvalidated-engineering-priors,fixed independent scenario factor; no N cycle,,,,right_censored,BBCH89_full_ripeness,,,
17,ag_095_040,maize,2021,2021-06-15,2021-10-05,364789.7923446728,rain_95_matched,0.75,8.859579736508749e-13,1.6200374375330284e-12,0.0,0.0,0.03354275471250856,643.62,60.0,0.0,17.850330547157245,168.344426597146,83.83998256301614,0.0,16.522330183980046,0.0,392.64114984121926,60.0,0.0,270.0347397073194,7025.778958183277,13927.456785071445,682.1754439569845,706.5972242244659,-9.325873406851315e-14,unvalidated-engineering-priors,fixed independent scenario factor; no N cycle,2021-08-09,2021-09-21,2021-09-21,physiological_maturity,R6_physiological_maturity,2021-06-15,seed_layer_available_water,50.0
17,ag_095_040,fallow,2021,2021-10-06,2021-10-11,364789.7923446728,rain_95_matched,0.75,1.4210854715202004e-13,0.0,0.0,0.0,1.0,7.78,0.0,0.0,10.3797924,0.0,0.0,0.0,0.0,0.0,3.861531000245669,0.0,0.0,10.3797924,0.0,0.0,706.5972242244659,700.1359008242202,-2.19824158875781e-14,unvalidated-engineering-priors,fixed independent scenario factor; no N cycle,,,,right_censored,BBCH89_full_ripeness,,,
17,ag_095_040,wheat,2022,2021-10-12,2022-06-10,364789.7923446728,rain_95_matched,0.5,9.312550730555813e-13,5.4001247917767614e-12,0.0,0.0,0.04267140235271844,317.33,150.0,0.0,248.36444149151376,241.2516349096303,56.29085232995039,0.0,6.166143707572113,0.0,54.994449230489664,150.0,0.0,545.9069287310945,8594.437997148405,19978.179329294944,700.1359008242202,560.3983791550667,-2.6388335960803033e-12,unvalidated-engineering-priors,fixed independent scenario factor; no N cycle,2022-04-10,2022-05-21,2022-05-21,full_ripeness,BBCH89_full_ripeness,2021-10-12,seed_layer_available_water,50.0
17,ag_095_040,fallow,2022,2022-06-11,2022-06-14,364789.7923446728,rain_95_matched,0.5,1.3866685577568205e-13,0.0,0.0,0.0,1.0,1.1400000000000001,0.0,0.0,4.480364260170161,0.0,0.0,0.0,0.0,0.0,0.14348656883210809,0.0,0.0,4.480364260170161,0.0,0.0,560.3983791550667,556.9145283260642,1.800781745942004e-13,unvalidated-engineering-priors,fixed independent scenario factor; no N cycle,,,,right_censored,BBCH89_full_ripeness,,,
17,ag_095_040,maize,2022,2022-06-15,2022-10-05,364789.7923446728,rain_95_matched,0.5,1.1008971512183052e-12,3.467448550509289e-12,0.0,0.0,0.03354275471250856,418.95,40.0,0.0,21.988770035802144,273.1324336068158,64.95911601851088,0.0,0.0,0.0,32.187883700781796,40.0,0.0,360.0803196611289,8977.312512558889,17931.544143720217,556.9145283260642,623.5963249641488,4.7156722970953524e-12,unvalidated-engineering-priors,fixed independent scenario factor; no N cycle,2022-08-11,2022-09-24,2022-09-24,physiological_maturity,R6_physiological_maturity,2022-06-16,seed_layer_available_water,50.0
17,ag_095_040,fallow,2022,2022-10-06,2022-10-11,364789.7923446728,rain_95_matched,0.5,2.2115642650533118e-13,0.0,0.0,0.0,1.0,15.42,0.0,0.0,14.787462699999997,0.0,0.0,0.0,0.0,0.0,0.09515386134470304,0.0,0.0,14.787462699999997,0.0,0.0,623.5963249641488,624.1337084028042,-1.0969003483296547e-13,unvalidated-engineering-priors,fixed independent scenario factor; no N cycle,,,,right_censored,BBCH89_full_ripeness,,,
17,ag_095_040,wheat,2023,2022-10-12,2023-06-10,364789.7923446728,rain_95_matched,0.75,8.499867476530198e-13,3.581135388230905e-12,0.0,0.0,0.04267140235271844,321.73,225.0,0.0,309.3673528784775,223.9356986606069,41.73241897653394,0.0,0.0,0.0,13.137777329404146,225.0,0.0,575.0354705156184,7371.322389705034,17174.531840229836,624.1337084028042,582.6904605577795,2.2303825453207082e-12,unvalidated-engineering-priors,fixed independent scenario factor; no N cycle,2023-04-13,2023-05-24,2023-05-24,full_ripeness,BBCH89_full_ripeness,2022-10-12,seed_layer_available_water,50.0
17,ag_095_040,fallow,2023,2023-06-11,2023-06-14,364789.7923446728,rain_95_matched,0.75,1.9761969838327786e-13,0.0,0.0,0.0,1.0,5.48,0.0,0.0,11.398631625981423,0.0,0.0,0.0,0.0,0.0,0.10101878625252697,0.0,0.0,11.398631625981423,0.0,0.0,582.6904605577795,576.6708101455456,-6.372680161348399e-14,unvalidated-engineering-priors,fixed independent scenario factor; no N cycle,,,,right_censored,BBCH89_full_ripeness,,,
17,ag_095_040,maize,2023,2023-06-15,2023-10-05,364789.7923446728,rain_95_matched,0.75,1.1546319456101628e-12,3.637978807091713e-12,0.0,0.0,0.03354275471250856,579.49,60.0,0.0,17.83939495854665,221.65683283427504,92.49617848683494,0.0,5.424828989539817,0.0,111.71970540177712,60.0,0.0,331.9924062796566,8665.111286307074,17656.15996653778,576.6708101455456,767.0238694745775,-5.472344799528628e-12,unvalidated-engineering-priors,fixed independent scenario factor; no N cycle,2023-08-09,2023-09-20,2023-09-20,physiological_maturity,R6_physiological_maturity,2023-06-16,seed_layer_available_water,50.0
17,ag_095_040,fallow,2023,2023-10-06,2023-10-11,364789.7923446728,rain_95_matched,0.75,1.8385293287792592e-13,0.0,0.0,0.0,1.0,3.02,0.0,0.0,14.474356899999998,0.0,0.0,0.0,0.0,0.0,16.718950127573443,0.0,0.0,14.474356899999998,0.0,0.0,767.0238694745775,738.8505624470039,1.8829382497642655e-13,unvalidated-engineering-priors,fixed independent scenario factor; no N cycle,,,,right_censored,BBCH89_full_ripeness,,,
17,ag_095_040,wheat,2024,2023-10-12,2024-06-10,364789.7923446728,rain_95_matched,0.5,8.37108160567368e-13,4.433786671143025e-12,0.0,0.0,0.04267140235271844,280.51,150.0,0.0,273.1128026205214,250.51273575169463,53.2229462078213,0.0,0.0,0.0,77.04824398042605,150.0,0.0,576.8484845800374,9227.663969416,20439.931243094987,738.8505624470039,515.4638338865411,-6.684652831268068e-13,unvalidated-engineering-priors,fixed independent scenario factor; no N cycle,2024-04-15,2024-05-25,2024-05-25,full_ripeness,BBCH89_full_ripeness,2023-10-12,seed_layer_available_water,50.0
17,ag_095_040,fallow,2024,2024-06-11,2024-06-14,364789.7923446728,rain_95_matched,0.5,2.341460358934455e-13,0.0,0.0,0.0,1.0,0.32,0.0,0.0,3.091060812604142,0.0,0.0,0.0,0.0,0.0,0.030117238218734264,0.0,0.0,3.091060812604142,0.0,0.0,515.4638338865411,512.6626558357185,-2.6240121187015575e-13,unvalidated-engineering-priors,fixed independent scenario factor; no N cycle,,,,right_censored,BBCH89_full_ripeness,,,
17,ag_095_040,maize,2024,2024-06-15,2024-10-05,364789.7923446728,rain_95_matched,0.5,1.0875744749228033e-12,2.4442670110147446e-12,0.0,0.0,0.03354275471250856,578.96,40.0,0.0,21.560535534478134,193.1502203384425,93.47483374879232,0.0,7.222432290105415,0.0,193.2117873608809,40.0,0.0,308.18558962171295,7329.645917868909,14705.467727487743,512.6626558357185,623.0028465630146,4.6413983767479294e-12,unvalidated-engineering-priors,fixed independent scenario factor; no N cycle,2024-08-09,2024-09-19,2024-09-19,physiological_maturity,R6_physiological_maturity,2024-06-16,seed_layer_available_water,50.0
17,ag_095_040,fallow,2024,2024-10-06,2024-10-11,364789.7923446728,rain_95_matched,0.5,2.2803980925800715e-13,0.0,0.0,0.0,1.0,2.82,0.0,0.0,15.434337450841015,0.0,0.0,0.0,0.0,0.0,0.44448464306730995,0.0,0.0,15.434337450841015,0.0,0.0,623.0028465630146,609.9440244691067,-4.18554080283684e-13,unvalidated-engineering-priors,fixed independent scenario factor; no N cycle,,,,right_censored,BBCH89_full_ripeness,,,
17,ag_095_040,wheat,2025,2024-10-12,2025-06-10,364789.7923446728,rain_95_matched,0.5,3.4017233474514796e-13,6.0822458181064576e-12,0.0,0.0,0.04267140235271844,297.21,150.0,0.0,282.37936520862667,294.03172321108445,37.05287775731529,0.0,0.0,0.0,12.12293448711464,150.0,0.0,613.4639661770264,8718.804342762938,19754.88242798507,609.9440244691067,431.56712380496555,1.1324274851176597e-13,unvalidated-engineering-priors,fixed independent scenario factor; no N cycle,2025-04-11,2025-05-22,2025-05-22,full_ripeness,BBCH89_full_ripeness,2024-10-12,seed_layer_available_water,50.0
17,ag_095_040,fallow,2025,2025-06-11,2025-06-14,364789.7923446728,rain_95_matched,0.5,6.306066779870889e-14,0.0,0.0,0.0,1.0,10.139999999999999,0.0,0.0,5.722457941391052,0.0,0.0,0.0,0.0,0.0,0.0013656026339545686,0.0,0.0,5.722457941391052,0.0,0.0,431.56712380496555,435.98330026094044,1.0147438445073931e-13,unvalidated-engineering-priors,fixed independent scenario factor; no N cycle,,,,right_censored,BBCH89_full_ripeness,,,
17,ag_095_040,maize,2025,2025-06-15,2025-10-05,364789.7923446728,rain_95_matched,0.5,4.920508445138694e-13,3.637978807091713e-12,0.0,0.0,0.03354275471250856,637.58,40.0,0.0,18.105280528841092,173.74656259695308,113.39060285716172,0.0,0.0,0.0,21.70361113669454,40.0,0.0,305.2424459829559,7453.47630605058,16581.08746844872,435.98330026094044,786.6172431412914,-1.3958834088612093e-12,unvalidated-engineering-priors,fixed independent scenario factor; no N cycle,2025-08-11,2025-09-24,2025-09-24,physiological_maturity,R6_physiological_maturity,2025-06-15,seed_layer_available_water,50.0
17,ag_095_040,fallow,1996,1996-01-01,1996-10-11,364789.7923446728,rain_98_matched,1.0,2.984279490192421e-13,0.0,0.0,0.0,1.0,974.85,0.0,0.0,707.9558673549423,0.0,0.0,0.0,1.2227744113754788,0.0,157.09980383085534,0.0,0.0,707.9558673549423,0.0,0.0,573.7456994339389,682.3172538367659,-9.54236689665322e-14,unvalidated-engineering-priors,fixed independent scenario factor; no N cycle,,,,right_censored,BBCH89_full_ripeness,,,
17,ag_095_040,wheat,1997,1996-10-12,1997-06-10,364789.7923446728,rain_98_matched,1.0,9.938716516444401e-13,4.234834705130197e-12,0.0,0.0,0.04267140235271844,522.08,300.0,0.0,321.8742671864218,190.18548816271567,48.42348470232227,0.0,43.37055241018021,0.0,243.22187198495024,300.0,0.0,560.4832400514597,7469.153887333927,17111.737880168515,682.3172538367659,657.3215893901737,1.9819701435608295e-12,unvalidated-engineering-priors,fixed independent scenario factor; no N cycle,1997-04-20,1997-05-29,1997-05-29,full_ripeness,BBCH89_full_ripeness,1996-10-12,seed_layer_available_water,50.0
17,ag_095_040,fallow,1997,1997-06-11,1997-06-14,364789.7923446728,rain_98_matched,1.0,1.1457501614131615e-13,0.0,0.0,0.0,1.0,0.060000000000000005,0.0,0.0,11.85343237056242,0.0,0.0,0.0,0.0,0.0,2.1153781087475676,0.0,0.0,11.85343237056242,0.0,0.0,657.3215893901737,643.4127789108638,-1.2301271112846734e-13,unvalidated-engineering-priors,fixed independent scenario factor; no N cycle,,,,right_censored,BBCH89_full_ripeness,,,
17,ag_095_040,maize,1997,1997-06-15,1997-10-05,364789.7923446728,rain_98_matched,1.0,9.183764859699295e-13,4.916955731459893e-12,0.0,0.0,0.03354275471250856,370.71,80.0,0.0,18.912906896204785,269.2691596744207,71.45387518546947,0.0,10.135326790406868,0.0,163.7253006224479,80.0,0.0,359.63594175609495,9956.256844314503,19027.97233838087,643.4127789108638,560.6262097419147,-6.090683513093609e-13,unvalidated-engineering-priors,fixed independent scenario factor; no N cycle,1997-08-10,1997-09-24,1997-09-24,physiological_maturity,R6_physiological_maturity,1997-06-16,seed_layer_available_water,50.0
17,ag_095_040,fallow,1997,1997-10-06,1997-10-11,364789.7923446728,rain_98_matched,1.0,1.8429702208777599e-13,0.0,0.0,0.0,1.0,0.21,0.0,0.0,15.777071708687393,0.0,0.0,0.0,0.0,0.0,0.08821574286296398,0.0,0.0,15.777071708687393,0.0,0.0,560.6262097419147,544.9709222903641,2.7844393457598926e-13,unvalidated-engineering-priors,fixed independent scenario factor; no N cycle,,,,right_censored,BBCH89_full_ripeness,,,
17,ag_095_040,wheat,1998,1997-10-12,1998-06-10,364789.7923446728,rain_98_matched,1.0,1.0205170042354439e-12,4.234834705130197e-12,0.0,0.0,0.04267140235271844,693.37,300.0,0.0,323.1109910639418,167.36021074321602,72.72854487805033,0.0,87.91660160502151,0.0,185.10459792253633,300.0,0.0,563.1997466852082,6931.179281284214,16403.13829448631,544.9709222903641,702.1199760775963,1.7795764861716634e-12,unvalidated-engineering-priors,fixed independent scenario factor; no N cycle,1998-04-21,1998-05-31,1998-05-31,full_ripeness,BBCH89_full_ripeness,1997-10-13,seed_layer_available_water,50.0
17,ag_095_040,fallow,1998,1998-06-11,1998-06-14,364789.7923446728,rain_98_matched,1.0,8.704148513061227e-14,0.0,0.0,0.0,1.0,10.32,0.0,0.0,14.694971475746188,0.0,0.0,0.0,0.0,0.0,6.446091400623624,0.0,0.0,14.694971475746188,0.0,0.0,702.1199760775963,691.2989132012265,5.240252676230739e-14,unvalidated-engineering-priors,fixed independent scenario factor; no N cycle,,,,right_censored,BBCH89_full_ripeness,,,
17,ag_095_040,maize,1998,1998-06-15,1998-10-05,364789.7923446728,rain_98_matched,1.0,9.960920976936904e-13,2.3874235921539366e-12,0.0,0.0,0.03354275471250856,723.7,80.0,0.0,19.567320237013732,193.84231530892154,98.56468793028007,0.0,45.103178282062416,0.0,489.5882825862255,80.0,0.0,311.9743234762154,8076.701199949428,15328.642088745433,691.2989132012265,648.3331288567238,-5.682121440031551e-13,unvalidated-engineering-priors,fixed independent scenario factor; no N cycle,1998-08-08,1998-09-18,1998-09-18,physiological_maturity,R6_physiological_maturity,1998-06-15,seed_layer_available_water,50.0
17,ag_095_040,fallow,1998,1998-10-06,1998-10-11,364789.7923446728,rain_98_matched,1.0,1.8252066524837574e-13,0.0,0.0,0.0,1.0,0.9199999999999999,0.0,0.0,15.459641087604938,0.0,0.0,0.0,0.0,0.0,1.2513578753234227,0.0,0.0,15.459641087604938,0.0,0.0,648.3331288567238,632.542129893795,3.5016434196677437e-13,unvalidated-engineering-priors,fixed independent scenario factor; no N cycle,,,,right_censored,BBCH89_full_ripeness,,,
17,ag_095_040,wheat,1999,1998-10-12,1999-06-10,364789.7923446728,rain_98_matched,1.0,9.370282327836321e-13,2.7284841053187847e-12,0.0,0.0,0.04267140235271844,330.79,300.0,0.0,261.281411830648,197.5847586758506,60.98622009377718,0.0,38.90265721249364,0.0,54.929822526976665,300.0,0.0,519.8523906002757,7211.172088797423,17050.726551389667,632.542129893795,649.6472595540507,-1.7165158183729545e-12,unvalidated-engineering-priors,fixed independent scenario factor; no N cycle,1999-04-15,1999-05-23,1999-05-23,full_ripeness,BBCH89_full_ripeness,1998-10-12,seed_layer_available_water,50.0
17,ag_095_040,fallow,1999,1999-06-11,1999-06-14,364789.7923446728,rain_98_matched,1.0,1.5365486660812167e-13,0.0,0.0,0.0,1.0,0.52,0.0,0.0,5.999902967411643,0.0,0.0,0.0,0.0,0.0,2.3225689124482742,0.0,0.0,5.999902967411643,0.0,0.0,649.6472595540507,641.844787674191,-2.2248869413488137e-13,unvalidated-engineering-priors,fixed independent scenario factor; no N cycle,,,,right_censored,BBCH89_full_ripeness,,,
17,ag_095_040,maize,1999,1999-06-15,1999-10-05,364789.7923446728,rain_98_matched,1.0,1.021405182655144e-12,3.097966327914037e-12,0.0,0.0,0.03354275471250856,362.04,80.0,0.0,19.179952324125306,237.563191367716,73.59673949743576,0.0,0.0,0.0,125.06240694040125,80.0,0.0,330.3398831892771,8370.221560742533,16896.443028464586,641.844787674191,628.4824975445141,-1.4008794124720225e-12,unvalidated-engineering-priors,fixed independent scenario factor; no N cycle,1999-08-11,1999-09-24,1999-09-24,physiological_maturity,R6_physiological_maturity,1999-06-16,seed_layer_available_water,50.0
17,ag_095_040,fallow,1999,1999-10-06,1999-10-11,364789.7923446728,rain_98_matched,1.0,1.7852386235972517e-13,0.0,0.0,0.0,1.0,9.92,0.0,0.0,13.283262900000002,0.0,0.0,0.0,0.0,0.0,0.10604891538359372,0.0,0.0,13.283262900000002,0.0,0.0,628.4824975445141,625.0131857291304,6.661338147750939e-14,unvalidated-engineering-priors,fixed independent scenario factor; no N cycle,,,,right_censored,BBCH89_full_ripeness,,,
17,ag_095_040,wheat,2000,1999-10-12,2000-06-10,364789.7923446728,rain_98_matched,1.0,7.389644451905042e-13,4.490630090003833e-12,0.0,0.0,0.04267140235271844,425.87,300.0,0.0,307.6254207092124,282.5169107666685,47.49439980976166,0.0,20.68222323795353,0.0,54.903729976313876,300.0,0.0,637.6367312856426,9543.354904286889,21301.917798249553,625.0131857291304,637.6605012292173,3.1805669209461485e-12,unvalidated-engineering-priors,fixed independent scenario factor; no N cycle,2000-04-17,2000-05-25,2000-05-25,full_ripeness,BBCH89_full_ripeness,1999-10-12,seed_layer_available_water,50.0
17,ag_095_040,fallow,2000,2000-06-11,2000-06-14,364789.7923446728,rain_98_matched,1.0,1.4477308241112041e-13,0.0,0.0,0.0,1.0,1.18,0.0,0.0,16.223611438651112,0.0,0.0,0.0,0.0,0.0,0.34695729935649494,0.0,0.0,16.223611438651112,0.0,0.0,637.6605012292173,622.2699324912096,7.949196856316121e-14,unvalidated-engineering-priors,fixed independent scenario factor; no N cycle,,,,right_censored,BBCH89_full_ripeness,,,
17,ag_095_040,maize,2000,2000-06-15,2000-10-05,364789.7923446728,rain_98_matched,1.0,1.0484946244559978e-12,1.9326762412674725e-12,0.0,0.0,0.03354275471250856,815.64,80.0,0.0,22.208022448508192,117.96573835672402,85.92126598643884,0.0,5.627371244563733,0.0,513.4384315161622,80.0,0.0,226.09502679167105,6074.197253063933,11917.07544198741,622.2699324912096,772.7491029388086,4.082401083849163e-12,unvalidated-engineering-priors,fixed independent scenario factor; no N cycle,2000-08-09,2000-09-21,2000-09-21,physiological_maturity,R6_physiological_maturity,2000-06-16,seed_layer_available_water,50.0
17,ag_095_040,fallow,2000,2000-10-06,2000-10-11,364789.7923446728,rain_98_matched,1.0,1.2612133559741778e-13,0.0,0.0,0.0,1.0,24.790000000000003,0.0,0.0,14.7318801,0.0,0.0,0.0,0.0,0.0,20.234977819839955,0.0,0.0,14.7318801,0.0,0.0,772.7491029388086,762.5722450189683,4.072298054325074e-13,unvalidated-engineering-priors,fixed independent scenario factor; no N cycle,,,,right_censored,BBCH89_full_ripeness,,,
17,ag_095_040,wheat,2001,2000-10-12,2001-06-10,364789.7923446728,rain_98_matched,1.0,9.734435479913373e-13,4.227729277772596e-12,0.0,0.0,0.04267140235271844,375.02,300.0,0.0,325.1007084599211,203.1820671109622,44.951858623738524,0.0,35.23910886503512,0.0,198.3008847752576,300.0,0.0,573.2346341946218,7684.04831965813,17187.464521940623,762.5722450189683,630.8176171840563,-2.6026958366287545e-12,unvalidated-engineering-priors,fixed independent scenario factor; no N cycle,2001-04-17,2001-05-27,2001-05-27,full_ripeness,BBCH89_full_ripeness,2000-10-12,seed_layer_available_water,50.0
17,ag_095_040,fallow,2001,2001-06-11,2001-06-14,364789.7923446728,rain_98_matched,1.0,1.0835776720341528e-13,0.0,0.0,0.0,1.0,4.16,0.0,0.0,17.745917540436523,0.0,0.0,0.0,0.0,0.0,0.5637593932536247,0.0,0.0,17.745917540436523,0.0,0.0,630.8176171840563,616.6679402503661,7.105427357601002e-14,unvalidated-engineering-priors,fixed independent scenario factor; no N cycle,,,,right_censored,BBCH89_full_ripeness,,,
17,ag_095_040,maize,2001,2001-06-15,2001-10-05,364789.7923446728,rain_98_matched,1.0,9.36140054363932e-13,4.320099833421409e-12,0.0,0.0,0.03354275471250856,324.19,80.0,0.0,17.26016557344922,281.089405971089,82.44654043584798,0.0,0.0,0.0,86.96737329527578,80.0,0.0,380.7961119803862,10003.21217973193,19731.836401145854,616.6679402503661,553.0944549747139,-9.755751761986176e-12,unvalidated-engineering-priors,fixed independent scenario factor; no N cycle,2001-08-09,2001-09-21,2001-09-21,physiological_maturity,R6_physiological_maturity,2001-06-15,seed_layer_available_water,50.0
17,ag_095_040,fallow,2001,2001-10-06,2001-10-11,364789.7923446728,rain_98_matched,1.0,7.860379014346108e-14,0.0,0.0,0.0,1.0,3.57,0.0,0.0,13.78717675714559,0.0,0.0,0.0,0.0,0.0,0.13205227633215402,0.0,0.0,13.78717675714559,0.0,0.0,553.0944549747139,542.745225941236,2.2382096176443156e-13,unvalidated-engineering-priors,fixed independent scenario factor; no N cycle,,,,right_censored,BBCH89_full_ripeness,,,
17,ag_095_040,wheat,2002,2001-10-12,2002-06-10,364789.7923446728,rain_98_matched,1.0,8.775202786637237e-13,4.291678123991005e-12,0.0,0.0,0.04267140235271844,498.05,300.0,0.0,273.7167373597648,180.67991981706416,74.85906947132764,0.0,28.960280121910813,0.0,89.42549738575953,300.0,0.0,529.2557266481566,7194.345820822438,17630.643679452507,542.745225941236,693.1537217854133,-4.225397809420883e-12,unvalidated-engineering-priors,fixed independent scenario factor; no N cycle,2002-04-09,2002-05-23,2002-05-23,full_ripeness,BBCH89_full_ripeness,2001-10-13,seed_layer_available_water,50.0
17,ag_095_040,fallow,2002,2002-06-11,2002-06-14,364789.7923446728,rain_98_matched,1.0,1.6697754290362354e-13,0.0,0.0,0.0,1.0,0.0,0.0,0.0,23.392381993236057,0.0,0.0,0.0,0.0,0.0,3.236204799370743,0.0,0.0,23.392381993236057,0.0,0.0,693.1537217854133,666.5251349928064,2.5757174171303632e-14,unvalidated-engineering-priors,fixed independent scenario factor; no N cycle,,,,right_censored,BBCH89_full_ripeness,,,
17,ag_095_040,maize,2002,2002-06-15,2002-10-05,364789.7923446728,rain_98_matched,1.0,8.899547765395255e-13,3.353761712787673e-12,0.0,0.0,0.03354275471250856,506.13,80.0,0.0,18.835912255363986,215.16942500857516,80.3012294992024,0.0,77.37033684799238,0.0,216.37374181653797,80.0,0.0,314.3065667631416,9016.485663821155,17004.390113182475,666.5251349928064,644.6044895651387,-4.169553591282238e-12,unvalidated-engineering-priors,fixed independent scenario factor; no N cycle,2002-08-11,2002-09-26,2002-09-26,physiological_maturity,R6_physiological_maturity,2002-06-16,seed_layer_available_water,50.0
17,ag_095_040,fallow,2002,2002-10-06,2002-10-11,364789.7923446728,rain_98_matched,1.0,1.6431300764452317e-13,0.0,0.0,0.0,1.0,0.02,0.0,0.0,20.203563176628215,0.0,0.0,0.0,0.0,0.0,0.6324708623061386,0.0,0.0,20.203563176628215,0.0,0.0,644.6044895651387,623.7884555262045,-1.8962609260597674e-13,unvalidated-engineering-priors,fixed independent scenario factor; no N cycle,,,,right_censored,BBCH89_full_ripeness,,,
17,ag_095_040,wheat,2003,2002-10-12,2003-06-10,364789.7923446728,rain_98_matched,1.0,1.0516032489249483e-12,3.296918293926865e-12,0.0,0.0,0.04267140235271844,400.0,300.0,0.0,287.0359960720773,169.00121298338274,63.323495732828725,0.0,44.30538875380432,0.0,114.64450991047234,300.0,0.0,519.3607047882888,6835.903009877422,15804.274705871676,623.7884555262045,645.4778520736351,4.020117572167692e-12,unvalidated-engineering-priors,fixed independent scenario factor; no N cycle,2003-04-23,2003-05-31,2003-05-31,full_ripeness,BBCH89_full_ripeness,2002-10-12,seed_layer_available_water,50.0
17,ag_095_040,fallow,2003,2003-06-11,2003-06-14,364789.7923446728,rain_98_matched,1.0,9.015010959956271e-14,0.0,0.0,0.0,1.0,1.95,0.0,0.0,7.867117726499314,0.0,0.0,0.0,0.0,0.0,2.3100698873772183,0.0,0.0,7.867117726499314,0.0,0.0,645.4778520736351,637.2506644597587,-1.6497914145929826e-13,unvalidated-engineering-priors,fixed independent scenario factor; no N cycle,,,,right_censored,BBCH89_full_ripeness,,,
17,ag_095_040,maize,2003,2003-06-15,2003-10-05,364789.7923446728,rain_98_matched,1.0,9.610090501155355e-13,1.8758328224066645e-12,0.0,0.0,0.03354275471250856,950.01,80.0,0.0,19.648549386672197,105.39588275462442,92.02515915704964,0.0,38.66743642388842,0.0,640.2246751643894,80.0,0.0,217.06959129834627,6336.699263609976,11929.606138098861,637.2506644597587,771.2989615731374,-2.7594593277058266e-12,unvalidated-engineering-priors,fixed independent scenario factor; no N cycle,2003-08-13,2003-09-30,2003-09-30,physiological_maturity,R6_physiological_maturity,2003-06-16,seed_layer_available_water,50.0
17,ag_095_040,fallow,2003,2003-10-06,2003-10-11,364789.7923446728,rain_98_matched,1.0,1.247890679678676e-13,0.0,0.0,0.0,1.0,47.54,0.0,0.0,12.508080600000001,0.0,0.0,0.0,0.0,0.0,13.2915334828178,0.0,0.0,12.508080600000001,0.0,0.0,771.2989615731374,793.0393474903193,2.7489122089718876e-13,unvalidated-engineering-priors,fixed independent scenario factor; no N cycle,,,,right_censored,BBCH89_full_ripeness,,,
17,ag_095_040,wheat,2004,2003-10-12,2004-06-10,364789.7923446728,rain_98_matched,0.75,9.983125437429408e-13,4.75353090223507e-12,0.0,0.0,0.04267140235271844,312.71999999999997,225.0,0.0,324.6334839894457,240.80565371422375,50.67408344144844,0.0,0.0,0.0,149.51672533181195,225.0,0.0,616.1132211451179,8666.643086183281,19683.793925527287,793.0393474903193,565.129401013397,-7.594813666855771e-12,unvalidated-engineering-priors,fixed independent scenario factor; no N cycle,2004-04-12,2004-05-20,2004-05-20,full_ripeness,BBCH89_full_ripeness,2003-10-12,seed_layer_available_water,50.0
17,ag_095_040,fallow,2004,2004-06-11,2004-06-14,364789.7923446728,rain_98_matched,0.75,6.195044477408373e-14,0.0,0.0,0.0,1.0,27.29,0.0,0.0,6.413768783681692,0.0,0.0,0.0,0.0,0.0,0.09203692325582716,0.0,0.0,6.413768783681692,0.0,0.0,565.129401013397,585.9135953064596,-8.926193117986259e-14,unvalidated-engineering-priors,fixed independent scenario factor; no N cycle,,,,right_censored,BBCH89_full_ripeness,,,
17,ag_095_040,maize,2004,2004-06-15,2004-10-05,364789.7923446728,rain_98_matched,0.75,1.1313172620930345e-12,3.979039320256561e-12,0.0,0.0,0.03354275471250856,597.41,60.0,0.0,16.64454943480366,199.02276234856103,107.59715636965689,0.0,13.367329987799655,0.0,215.47638600611114,60.0,0.0,323.2644681530216,9360.223211685085,17810.511992590553,585.9135953064596,691.2154111595245,2.718603120399621e-12,unvalidated-engineering-priors,fixed independent scenario factor; no N cycle,2004-08-10,2004-09-26,2004-09-26,physiological_maturity,R6_physiological_maturity,2004-06-15,seed_layer_available_water,50.0
17,ag_095_040,fallow,2004,2004-10-06,2004-10-11,364789.7923446728,rain_98_matched,0.75,1.376676550535194e-13,0.0,0.0,0.0,1.0,0.01,0.0,0.0,18.087077674674976,0.0,0.0,0.0,0.0,0.0,2.6593992923445944,0.0,0.0,18.087077674674976,0.0,0.0,691.2154111595245,670.4789341925048,1.4033219031261979e-13,unvalidated-engineering-priors,fixed independent scenario factor; no N cycle,,,,right_censored,BBCH89_full_ripeness,,,
17,ag_095_040,wheat,2005,2004-10-12,2005-06-10,364789.7923446728,rain_98_matched,0.75,9.379164112033322e-13,3.751665644813329e-12,0.0,0.0,0.04267140235271844,302.31,225.0,0.0,235.61520888943116,245.70692135110892,71.68501353183672,0.0,0.0,0.0,40.97362327171406,225.0,0.0,553.0071437723768,8875.434337553494,21088.058399631343,670.4789341925048,603.8081671484156,-1.6727730312027234e-12,unvalidated-engineering-priors,fixed independent scenario factor; no N cycle,2005-04-25,2005-06-02,2005-06-02,full_ripeness,BBCH89_full_ripeness,2004-10-12,seed_layer_available_water,50.0
17,ag_095_040,fallow,2005,2005-06-11,2005-06-14,364789.7923446728,rain_98_matched,0.75,1.8562928971732617e-13,0.0,0.0,0.0,1.0,0.0,0.0,0.0,18.11331345536816,0.0,0.0,0.0,0.0,0.0,0.18613551804524325,0.0,0.0,18.11331345536816,0.0,0.0,603.8081671484156,585.5087181750024,-2.2515322939398175e-13,unvalidated-engineering-priors,fixed independent scenario factor; no N cycle,,,,right_censored,BBCH89_full_ripeness,,,
17,ag_095_040,maize,2005,2005-06-15,2005-10-05,364789.7923446728,rain_98_matched,0.75,1.0729195309977513e-12,2.2737367544323206e-12,0.0,0.0,0.03354275471250856,986.16,60.0,0.0,19.11018512694209,140.12047758986694,112.65457968202544,0.0,166.34692614243383,0.0,414.1922551115417,60.0,0.0,271.88524239883446,7347.854583809221,14780.78557740177,585.5087181750024,779.244294522188,4.317435298162309e-12,unvalidated-engineering-priors,fixed independent scenario factor; no N cycle,2005-08-09,2005-09-25,2005-09-25,physiological_maturity,R6_physiological_maturity,2005-06-16,seed_layer_available_water,50.0
17,ag_095_040,fallow,2005,2005-10-06,2005-10-11,364789.7923446728,rain_98_matched,0.75,1.545430450278218e-13,0.0,0.0,0.0,1.0,1.35,0.0,0.0,18.1049977,0.0,0.0,0.0,0.0,0.0,22.325843174069462,0.0,0.0,18.1049977,0.0,0.0,779.244294522188,740.1634536481184,1.652011860642233e-13,unvalidated-engineering-priors,fixed independent scenario factor; no N cycle,,,,right_censored,BBCH89_full_ripeness,,,
17,ag_095_040,wheat,2006,2005-10-12,2006-06-10,364789.7923446728,rain_98_matched,0.75,8.260059303211165e-13,4.817479748453479e-12,0.0,0.0,0.04267140235271844,266.48,225.0,0.0,248.305389471275,256.76099061998974,58.64126388682266,0.0,0.0,0.0,89.23911569814514,225.0,0.0,563.7076439780874,9202.056184703202,21326.320788926,740.1634536481184,578.6966939718851,7.996936446375003e-13,unvalidated-engineering-priors,fixed independent scenario factor; no N cycle,2006-04-18,2006-05-27,2006-05-27,full_ripeness,BBCH89_full_ripeness,2005-10-12,seed_layer_available_water,50.0
17,ag_095_040,fallow,2006,2006-06-11,2006-06-14,364789.7923446728,rain_98_matched,0.75,9.969802761133906e-14,0.0,0.0,0.0,1.0,12.34,0.0,0.0,8.077036491016397,0.0,0.0,0.0,0.0,0.0,0.26180213908013017,0.0,0.0,8.077036491016397,0.0,0.0,578.6966939718851,582.6978553417887,-9.792167077193881e-14,unvalidated-engineering-priors,fixed independent scenario factor; no N cycle,,,,right_censored,BBCH89_full_ripeness,,,
17,ag_095_040,maize,2006,2006-06-15,2006-10-05,364789.7923446728,rain_98_matched,0.75,1.241673430740775e-12,2.2737367544323206e-12,0.0,0.0,0.03354275471250856,446.37,60.0,0.0,20.928208279645986,161.82236340779687,104.39960560416037,0.0,12.143013502486605,0.0,119.77408990323262,60.0,0.0,287.15017729160326,8030.4834191574255,15536.386275224611,582.6978553417887,670.0005746444676,-1.4029888362188103e-12,unvalidated-engineering-priors,fixed independent scenario factor; no N cycle,2006-08-08,2006-09-22,2006-09-22,physiological_maturity,R6_physiological_maturity,2006-06-15,seed_layer_available_water,50.0
17,ag_095_040,fallow,2006,2006-10-06,2006-10-11,364789.7923446728,rain_98_matched,0.75,2.2604140781368187e-13,0.0,0.0,0.0,1.0,0.3,0.0,0.0,18.589320926175986,0.0,0.0,0.0,0.0,0.0,1.348600289090196,0.0,0.0,18.589320926175986,0.0,0.0,670.0005746444676,650.362653429201,4.18332035678759e-13,unvalidated-engineering-priors,fixed independent scenario factor; no N cycle,,,,right_censored,BBCH89_full_ripeness,,,
17,ag_095_040,wheat,2007,2006-10-12,2007-06-10,364789.7923446728,rain_98_matched,1.0,1.0942358130705543e-12,5.286437954055145e-12,0.0,0.0,0.04267140235271844,299.38,300.0,0.0,292.3056923645277,249.58609552049694,58.31534025252443,0.0,25.40638540507644,0.0,38.914412349440134,300.0,0.0,600.2071281375491,9303.086037800653,21156.152259670904,650.362653429201,585.2147275371377,-2.352840144936863e-12,unvalidated-engineering-priors,fixed independent scenario factor; no N cycle,2007-04-15,2007-05-24,2007-05-24,full_ripeness,BBCH89_full_ripeness,2006-10-12,seed_layer_available_water,50.0
17,ag_095_040,fallow,2007,2007-06-11,2007-06-14,364789.7923446728,rain_98_matched,1.0,1.3500311979441904e-13,0.0,0.0,0.0,1.0,0.01,0.0,0.0,4.707679778609728,0.0,0.0,0.0,0.0,0.0,0.29000188432664237,0.0,0.0,4.707679778609728,0.0,0.0,585.2147275371377,580.2270458742015,-1.6009416015094757e-13,unvalidated-engineering-priors,fixed independent scenario factor; no N cycle,,,,right_censored,BBCH89_full_ripeness,,,
17,ag_095_040,maize,2007,2007-06-15,2007-10-05,364789.7923446728,rain_98_matched,1.0,1.3304912727107876e-12,3.097966327914037e-12,0.0,0.0,0.03354275471250856,798.05,80.0,0.0,19.447228303378886,154.18604002815337,93.16877413938539,0.0,69.89728818225203,0.0,437.8399010987408,80.0,0.0,266.8020424709176,7480.814402521582,14549.330696473724,580.2270458742015,683.7378141222924,-1.4026557693114228e-12,unvalidated-engineering-priors,fixed independent scenario factor; no N cycle,2007-08-12,2007-09-25,2007-09-25,physiological_maturity,R6_physiological_maturity,2007-06-16,seed_layer_available_water,50.0
17,ag_095_040,fallow,2007,2007-10-06,2007-10-11,364789.7923446728,rain_98_matched,1.0,2.8421709430404007e-13,0.0,0.0,0.0,1.0,1.3,0.0,0.0,19.26624725162352,0.0,0.0,0.0,0.0,0.0,2.3368063741303007,0.0,0.0,19.26624725162352,0.0,0.0,683.7378141222924,663.4347604965386,6.661338147750939e-16,unvalidated-engineering-priors,fixed independent scenario factor; no N cycle,,,,right_censored,BBCH89_full_ripeness,,,
17,ag_095_040,wheat,2008,2007-10-12,2008-06-10,364789.7923446728,rain_98_matched,0.75,8.606448886894214e-13,3.865352482534945e-12,0.0,0.0,0.04267140235271844,360.51,225.0,0.0,256.05797557952263,262.8555584963025,53.70360955926234,0.0,0.037590531430499396,0.0,54.602198628271246,225.0,0.0,572.6171436350875,9989.073922601152,22233.82170703261,663.4347604965386,621.6878277017511,-1.6751044995544362e-12,unvalidated-engineering-priors,fixed independent scenario factor; no N cycle,2008-04-18,2008-05-28,2008-05-28,full_ripeness,BBCH89_full_ripeness,2007-10-12,seed_layer_available_water,50.0
17,ag_095_040,fallow,2008,2008-06-11,2008-06-14,364789.7923446728,rain_98_matched,0.75,4.263256414560601e-14,0.0,0.0,0.0,1.0,1.3900000000000001,0.0,0.0,5.963537949481812,0.0,0.0,0.0,0.0,0.0,0.9853473267187622,0.0,0.0,5.963537949481812,0.0,0.0,621.6878277017511,616.1289424255505,3.8968828164342995e-14,unvalidated-engineering-priors,fixed independent scenario factor; no N cycle,,,,right_censored,BBCH89_full_ripeness,,,
17,ag_095_040,maize,2008,2008-06-15,2008-10-05,364789.7923446728,rain_98_matched,0.75,1.056932319443149e-12,1.8189894035458565e-12,0.0,0.0,0.03354275471250856,643.0600000000001,60.0,0.0,18.026534372386532,163.5491582572868,87.61943640616673,0.0,12.815754233109569,0.0,317.5350526274229,60.0,0.0,269.19512903584007,8127.286487713843,15132.283136677308,616.1289424255505,719.6430065291737,4.263478459165526e-12,unvalidated-engineering-priors,fixed independent scenario factor; no N cycle,2008-08-10,2008-09-23,2008-09-23,physiological_maturity,R6_physiological_maturity,2008-06-16,seed_layer_available_water,50.0
17,ag_095_040,fallow,2008,2008-10-06,2008-10-11,364789.7923446728,rain_98_matched,0.75,1.5898393712632242e-13,0.0,0.0,0.0,1.0,0.060000000000000005,0.0,0.0,14.6328244,0.0,0.0,0.0,0.0,0.0,5.927593017937225,0.0,0.0,14.6328244,0.0,0.0,719.6430065291737,699.1425891112364,1.163513729807164e-13,unvalidated-engineering-priors,fixed independent scenario factor; no N cycle,,,,right_censored,BBCH89_full_ripeness,,,
17,ag_095_040,wheat,2009,2008-10-12,2009-06-10,364789.7923446728,rain_98_matched,0.75,1.0755840662568517e-12,4.320099833421409e-12,0.0,0.0,0.04267140235271844,315.18,225.0,0.0,288.780755980598,224.4492044644589,52.607876845864276,0.0,0.0,0.0,62.21797639225359,225.0,0.0,565.8378372909211,8023.774100518413,18509.60855702228,699.1425891112364,611.2667754280579,3.7115310824731296e-12,unvalidated-engineering-priors,fixed independent scenario factor; no N cycle,2009-04-15,2009-05-24,2009-05-24,full_ripeness,BBCH89_full_ripeness,2008-10-12,seed_layer_available_water,50.0
17,ag_095_040,fallow,2009,2009-06-11,2009-06-14,364789.7923446728,rain_98_matched,0.75,1.5210055437364645e-13,0.0,0.0,0.0,1.0,1.01,0.0,0.0,10.515828180016687,0.0,0.0,0.0,0.0,0.0,0.3621294100827882,0.0,0.0,10.515828180016687,0.0,0.0,611.2667754280579,601.3988178379589,-3.9324099532223045e-13,unvalidated-engineering-priors,fixed independent scenario factor; no N cycle,,,,right_censored,BBCH89_full_ripeness,,,
17,ag_095_040,maize,2009,2009-06-15,2009-10-05,364789.7923446728,rain_98_matched,0.75,1.0249578963339445e-12,3.922195901395753e-12,0.0,0.0,0.03354275471250856,402.06,60.0,0.0,17.689655690618707,204.37959999676582,94.22365559639842,0.0,0.0,0.0,54.730951108013116,60.0,0.0,316.2929112837829,8445.275784325344,16895.29730396525,601.3988178379589,692.4349554461651,-2.2815083156046967e-12,unvalidated-engineering-priors,fixed independent scenario factor; no N cycle,2009-08-10,2009-09-26,2009-09-26,physiological_maturity,R6_physiological_maturity,2009-06-16,seed_layer_available_water,50.0
17,ag_095_040,fallow,2009,2009-10-06,2009-10-11,364789.7923446728,rain_98_matched,0.75,1.794120407794253e-13,0.0,0.0,0.0,1.0,2.82,0.0,0.0,15.738679999999997,0.0,0.0,0.0,0.0,0.0,2.7411624165639736,0.0,0.0,15.738679999999997,0.0,0.0,692.4349554461651,676.7751130296011,-2.4424906541753444e-14,unvalidated-engineering-priors,fixed independent scenario factor; no N cycle,,,,right_censored,BBCH89_full_ripeness,,,
17,ag_095_040,wheat,2010,2009-10-12,2010-06-10,364789.7923446728,rain_98_matched,1.0,7.37632177560954e-13,4.263256414560601e-12,0.0,0.0,0.04267140235271844,403.63,300.0,0.0,286.77407616775815,219.95534071820558,66.2645656946728,0.0,24.93644902923629,0.0,93.76971247622791,300.0,0.0,572.9939825806365,8257.598844644197,19445.125852349687,676.7751130296011,688.7049689435034,-3.0658808825023698e-12,unvalidated-engineering-priors,fixed independent scenario factor; no N cycle,2010-04-28,2010-06-05,2010-06-05,full_ripeness,BBCH89_full_ripeness,2009-10-12,seed_layer_available_water,50.0
17,ag_095_040,fallow,2010,2010-06-11,2010-06-14,364789.7923446728,rain_98_matched,1.0,2.1227464230832993e-13,0.0,0.0,0.0,1.0,0.0,0.0,0.0,20.027119159653946,0.0,0.0,0.0,0.0,0.0,1.9807341327116355,0.0,0.0,20.027119159653946,0.0,0.0,688.7049689435034,666.6971156511378,8.43769498715119e-14,unvalidated-engineering-priors,fixed independent scenario factor; no N cycle,,,,right_censored,BBCH89_full_ripeness,,,
17,ag_095_040,maize,2010,2010-06-15,2010-10-05,364789.7923446728,rain_98_matched,1.0,1.084465850453853e-12,2.8705926524708048e-12,0.0,0.0,0.03354275471250856,426.58,80.0,0.0,18.126985927365407,201.41763525137196,93.72687646696961,0.0,0.10152495333722378,0.0,160.44390486756438,80.0,0.0,313.271497645707,7729.240673660503,15836.542899440086,666.6971156511378,699.4601881845298,-5.933031843596837e-13,unvalidated-engineering-priors,fixed independent scenario factor; no N cycle,2010-08-08,2010-09-20,2010-09-20,physiological_maturity,R6_physiological_maturity,2010-06-15,seed_layer_available_water,50.0
17,ag_095_040,fallow,2010,2010-10-06,2010-10-11,364789.7923446728,rain_98_matched,1.0,1.5543122344752192e-13,0.0,0.0,0.0,1.0,0.39,0.0,0.0,21.06957540749681,0.0,0.0,0.0,0.0,0.0,3.5477887168108975,0.0,0.0,21.06957540749681,0.0,0.0,699.4601881845298,675.2328240602224,-2.8066438062523957e-13,unvalidated-engineering-priors,fixed independent scenario factor; no N cycle,,,,right_censored,BBCH89_full_ripeness,,,
17,ag_095_040,wheat,2011,2010-10-12,2011-06-10,364789.7923446728,rain_98_matched,1.0,6.750155989720952e-13,5.002220859751105e-12,0.0,0.0,0.04267140235271844,140.95,300.0,0.0,219.42493752474107,307.1158761861314,32.47320438138846,0.0,0.0,0.0,45.62139793950111,300.0,0.0,559.0140180922609,8756.696650380267,20412.817655330568,675.2328240602224,511.54740802845754,2.8039792709932954e-12,unvalidated-engineering-priors,fixed independent scenario factor; no N cycle,2011-04-19,2011-05-29,2011-05-29,full_ripeness,BBCH89_full_ripeness,2010-10-12,seed_layer_available_water,50.0
17,ag_095_040,fallow,2011,2011-06-11,2011-06-14,364789.7923446728,rain_98_matched,1.0,1.270095140171179e-13,0.0,0.0,0.0,1.0,5.13,0.0,0.0,3.9098297124649277,0.0,0.0,0.0,0.0,0.0,0.016453378729709617,0.0,0.0,3.9098297124649277,0.0,0.0,511.54740802845754,512.7511249372627,1.858513343222512e-13,unvalidated-engineering-priors,fixed independent scenario factor; no N cycle,,,,right_censored,BBCH89_full_ripeness,,,
17,ag_095_040,maize,2011,2011-06-15,2011-10-05,364789.7923446728,rain_98_matched,1.0,1.0089706847793423e-12,3.431921413721284e-12,0.0,0.0,0.03354275471250856,424.71,80.0,0.0,18.049150565275905,186.82632218434978,96.9340253313597,0.0,0.0,0.0,25.3405651893939,80.0,0.0,301.8094980809854,8051.605250348352,16073.558314776674,512.7511249372627,690.3110616668887,-5.2696735863833055e-12,unvalidated-engineering-priors,fixed independent scenario factor; no N cycle,2011-08-10,2011-09-27,2011-09-27,physiological_maturity,R6_physiological_maturity,2011-06-15,seed_layer_available_water,50.0
17,ag_095_040,fallow,2011,2011-10-06,2011-10-11,364789.7923446728,rain_98_matched,1.0,1.4166445794216997e-13,0.0,0.0,0.0,1.0,4.08,0.0,0.0,21.077890332507298,0.0,0.0,0.0,0.0,0.0,2.3421885207061535,0.0,0.0,21.077890332507298,0.0,0.0,690.3110616668887,670.9709828136754,-1.5187850976872141e-13,unvalidated-engineering-priors,fixed independent scenario factor; no N cycle,,,,right_censored,BBCH89_full_ripeness,,,
17,ag_095_040,wheat,2012,2011-10-12,2012-06-10,364789.7923446728,rain_98_matched,1.0,1.1799450305716164e-12,3.439026841078885e-12,0.0,0.0,0.04267140235271844,245.16,300.0,0.0,288.85481188583435,227.57138469707326,31.087121092612698,0.0,2.0288766048748386,0.0,75.35411588863562,300.0,0.0,547.5133176755203,7832.154002659473,17712.363674874883,670.9709828136754,591.2346726446497,-5.033529149045535e-12,unvalidated-engineering-priors,fixed independent scenario factor; no N cycle,2012-04-23,2012-05-29,2012-05-29,full_ripeness,BBCH89_full_ripeness,2011-10-12,seed_layer_available_water,50.0
17,ag_095_040,fallow,2012,2012-06-11,2012-06-14,364789.7923446728,rain_98_matched,1.0,5.972999872483342e-14,0.0,0.0,0.0,1.0,0.08,0.0,0.0,4.949438471555707,0.0,0.0,0.0,0.0,0.0,0.41195144171788906,0.0,0.0,4.949438471555707,0.0,0.0,591.2346726446497,585.9532827313761,-6.716849298982197e-14,unvalidated-engineering-priors,fixed independent scenario factor; no N cycle,,,,right_censored,BBCH89_full_ripeness,,,
17,ag_095_040,maize,2012,2012-06-15,2012-10-05,364789.7923446728,rain_98_matched,1.0,1.0480505352461478e-12,2.3590018827235326e-12,0.0,0.0,0.03354275471250856,441.63,80.0,0.0,22.540726146043312,229.8965101731847,56.63476356909018,0.0,5.4644551931353185,0.0,110.12095818713743,80.0,0.0,309.0719998883182,8184.0188696514515,15358.516656994398,585.9532827313761,682.9258694627792,5.922817791770285e-12,unvalidated-engineering-priors,fixed independent scenario factor; no N cycle,2012-08-10,2012-09-23,2012-09-23,physiological_maturity,R6_physiological_maturity,2012-06-16,seed_layer_available_water,50.0
17,ag_095_040,fallow,2012,2012-10-06,2012-10-11,364789.7923446728,rain_98_matched,1.0,1.6120438317557273e-13,0.0,0.0,0.0,1.0,0.0,0.0,0.0,19.71077659059845,0.0,0.0,0.0,0.0,0.0,3.031327479772296,0.0,0.0,19.71077659059845,0.0,0.0,682.9258694627792,660.1837653924088,-2.5979218776228663e-13,unvalidated-engineering-priors,fixed independent scenario factor; no N cycle,,,,right_censored,BBCH89_full_ripeness,,,
17,ag_095_040,wheat,2013,2012-10-12,2013-06-10,364789.7923446728,rain_98_matched,1.0,8.970602038971265e-13,3.467448550509289e-12,0.0,0.0,0.04267140235271844,275.68,300.0,0.0,291.86903245074814,250.69537186634605,45.59788026884297,0.0,0.0,0.0,41.97851172482993,300.0,0.0,588.1622845859372,7893.9916300967425,18530.1766745593,660.1837653924088,605.7229690816392,2.401301379961751e-12,unvalidated-engineering-priors,fixed independent scenario factor; no N cycle,2013-04-21,2013-05-30,2013-05-30,full_ripeness,BBCH89_full_ripeness,2012-10-12,seed_layer_available_water,50.0
17,ag_095_040,fallow,2013,2013-06-11,2013-06-14,364789.7923446728,rain_98_matched,1.0,2.042810365310288e-13,0.0,0.0,0.0,1.0,0.0,0.0,0.0,9.08707008004285,0.0,0.0,0.0,0.0,0.0,0.28360805041026466,0.0,0.0,9.08707008004285,0.0,0.0,605.7229690816392,596.352290951186,1.4233059175694507e-13,unvalidated-engineering-priors,fixed independent scenario factor; no N cycle,,,,right_censored,BBCH89_full_ripeness,,,
17,ag_095_040,maize,2013,2013-06-15,2013-10-05,364789.7923446728,rain_98_matched,1.0,1.1464162952279366e-12,4.320099833421409e-12,0.0,0.0,0.03354275471250856,361.33,80.0,0.0,20.46626841306749,292.8449007790825,70.63612879413603,0.0,0.0,0.0,41.6091696475864,80.0,0.0,383.947297986286,8859.495672522835,18680.96919951707,596.352290951186,612.125823317318,-4.405809050922471e-12,unvalidated-engineering-priors,fixed independent scenario factor; no N cycle,2013-08-10,2013-09-23,2013-09-23,physiological_maturity,R6_physiological_maturity,2013-06-16,seed_layer_available_water,50.0
17,ag_095_040,fallow,2013,2013-10-06,2013-10-11,364789.7923446728,rain_98_matched,1.0,1.9317880628477724e-13,0.0,0.0,0.0,1.0,0.0,0.0,0.0,22.12162552278614,0.0,0.0,0.0,0.0,0.0,0.15929424257065497,0.0,0.0,22.12162552278614,0.0,0.0,612.125823317318,589.8449035519611,9.059419880941277e-14,unvalidated-engineering-priors,fixed independent scenario factor; no N cycle,,,,right_censored,BBCH89_full_ripeness,,,
17,ag_095_040,wheat,2014,2013-10-12,2014-06-10,364789.7923446728,rain_98_matched,1.0,1.1519674103510624e-12,3.296918293926865e-12,0.0,0.0,0.04267140235271844,250.23,300.0,0.0,284.29203726913823,210.67314913090397,47.9531131491599,0.0,8.197156547976453,0.0,9.908900711800158,300.0,0.0,542.9182995492022,7827.619896231795,17499.25968549472,589.8449035519611,579.0505467429823,8.22675261247241e-14,unvalidated-engineering-priors,fixed independent scenario factor; no N cycle,2014-04-12,2014-05-22,2014-05-22,full_ripeness,BBCH89_full_ripeness,2013-10-12,seed_layer_available_water,50.0
17,ag_095_040,fallow,2014,2014-06-11,2014-06-14,364789.7923446728,rain_98_matched,1.0,1.887379141862766e-13,0.0,0.0,0.0,1.0,3.5100000000000002,0.0,0.0,4.1057096959839425,0.0,0.0,0.0,0.0,0.0,0.25337697269107046,0.0,0.0,4.1057096959839425,0.0,0.0,579.0505467429823,578.2014600743075,-2.404743071338089e-13,unvalidated-engineering-priors,fixed independent scenario factor; no N cycle,,,,right_censored,BBCH89_full_ripeness,,,
17,ag_095_040,maize,2014,2014-06-15,2014-10-05,364789.7923446728,rain_98_matched,1.0,9.614531393253856e-13,3.637978807091713e-12,0.0,0.0,0.03354275471250856,413.08,80.0,0.0,16.195447409365908,208.52120210027036,91.81986910896728,0.0,0.0,0.0,19.640299461462043,80.0,0.0,316.53651861860357,7898.195380585485,17049.43377400332,578.2014600743075,735.1046419942439,-1.985744901844555e-12,unvalidated-engineering-priors,fixed independent scenario factor; no N cycle,2014-08-12,2014-09-28,2014-09-28,physiological_maturity,R6_physiological_maturity,2014-06-16,seed_layer_available_water,50.0
17,ag_095_040,fallow,2014,2014-10-06,2014-10-11,364789.7923446728,rain_98_matched,1.0,1.7763568394002505e-13,0.0,0.0,0.0,1.0,0.0,0.0,0.0,19.7801378,0.0,0.0,0.0,0.0,0.0,7.564070276239238,0.0,0.0,19.7801378,0.0,0.0,735.1046419942439,707.7604339180047,4.529709940470639e-14,unvalidated-engineering-priors,fixed independent scenario factor; no N cycle,,,,right_censored,BBCH89_full_ripeness,,,
17,ag_095_040,wheat,2015,2014-10-12,2015-06-10,364789.7923446728,rain_98_matched,1.0,1.0231815394945443e-12,5.7980287238024175e-12,0.0,0.0,0.04267140235271844,392.52,300.0,0.0,317.35020313331995,194.47441795140725,58.553459766823295,0.0,27.815670816714047,0.0,160.3565548100289,300.0,0.0,570.3780808515505,7810.674743892485,17701.660122019464,707.7604339180047,641.7301274397106,6.411537967210279e-13,unvalidated-engineering-priors,fixed independent scenario factor; no N cycle,2015-04-18,2015-05-25,2015-05-25,full_ripeness,BBCH89_full_ripeness,2014-10-12,seed_layer_available_water,50.0
17,ag_095_040,fallow,2015,2015-06-11,2015-06-14,364789.7923446728,rain_98_matched,1.0,1.4299672557172016e-13,0.0,0.0,0.0,1.0,0.0,0.0,0.0,7.068731168688374,0.0,0.0,0.0,0.0,0.0,1.9334716459271981,0.0,0.0,7.068731168688374,0.0,0.0,641.7301274397106,632.7279246250948,1.98507876802978e-13,unvalidated-engineering-priors,fixed independent scenario factor; no N cycle,,,,right_censored,BBCH89_full_ripeness,,,
17,ag_095_040,maize,2015,2015-06-15,2015-10-05,364789.7923446728,rain_98_matched,1.0,1.1359801987964602e-12,3.581135388230905e-12,0.0,0.0,0.03354275471250856,438.47,80.0,0.0,18.75710300493054,207.53150832238327,68.05213607739184,0.0,4.229368515832467,0.0,226.40348243072893,80.0,0.0,294.34074740470567,8781.50349081071,16461.043073993555,632.7279246250948,626.2243262738293,-1.5510925877038062e-12,unvalidated-engineering-priors,fixed independent scenario factor; no N cycle,2015-08-12,2015-09-26,2015-09-26,physiological_maturity,R6_physiological_maturity,2015-06-16,seed_layer_available_water,50.0
17,ag_095_040,fallow,2015,2015-10-06,2015-10-11,364789.7923446728,rain_98_matched,1.0,1.98507876802978e-13,0.0,0.0,0.0,1.0,4.79,0.0,0.0,17.878594004438092,0.0,0.0,0.0,0.0,0.0,0.3860824364942905,0.0,0.0,17.878594004438092,0.0,0.0,626.2243262738293,612.7496498328967,2.4158453015843406e-13,unvalidated-engineering-priors,fixed independent scenario factor; no N cycle,,,,right_censored,BBCH89_full_ripeness,,,
17,ag_095_040,wheat,2016,2015-10-12,2016-06-10,364789.7923446728,rain_98_matched,1.0,1.1004530620084552e-12,2.8990143619012088e-12,0.0,0.0,0.04267140235271844,433.62,300.0,0.0,366.5061071310118,189.20048896308882,49.34224860866774,0.0,12.124941989415024,0.0,33.16720803641616,300.0,0.0,605.0488447027683,7110.882315238403,16499.59916228007,612.7496498328967,696.0286551042991,-1.928679438378822e-12,unvalidated-engineering-priors,fixed independent scenario factor; no N cycle,2016-04-14,2016-05-22,2016-05-22,full_ripeness,BBCH89_full_ripeness,2015-10-12,seed_layer_available_water,50.0
17,ag_095_040,fallow,2016,2016-06-11,2016-06-14,364789.7923446728,rain_98_matched,1.0,1.4210854715202004e-13,0.0,0.0,0.0,1.0,2.04,0.0,0.0,19.66342323878157,0.0,0.0,0.0,0.0,0.0,1.8516767177588467,0.0,0.0,19.66342323878157,0.0,0.0,696.0286551042991,676.5535551477589,-1.6653345369377348e-13,unvalidated-engineering-priors,fixed independent scenario factor; no N cycle,,,,right_censored,BBCH89_full_ripeness,,,
17,ag_095_040,maize,2016,2016-06-15,2016-10-05,364789.7923446728,rain_98_matched,1.0,1.0738077094174514e-12,4.433786671143025e-12,0.0,0.0,0.03354275471250856,432.84000000000003,80.0,0.0,18.202968773808557,245.21503223235152,73.4467768689098,0.0,39.76345046257031,0.0,195.4632573201818,80.0,0.0,336.8647778750699,9338.400751049801,17721.025103039523,676.5535551477589,617.3020694899399,-2.9983793226051603e-12,unvalidated-engineering-priors,fixed independent scenario factor; no N cycle,2016-08-09,2016-09-19,2016-09-19,physiological_maturity,R6_physiological_maturity,2016-06-15,seed_layer_available_water,50.0
17,ag_095_040,fallow,2016,2016-10-06,2016-10-11,364789.7923446728,rain_98_matched,1.0,2.3514523661560816e-13,0.0,0.0,0.0,1.0,0.49,0.0,0.0,15.588812099999998,0.0,0.0,0.0,0.0,0.0,0.2284011555231124,0.0,0.0,15.588812099999998,0.0,0.0,617.3020694899399,601.9748562344168,-9.08162434143378e-14,unvalidated-engineering-priors,fixed independent scenario factor; no N cycle,,,,right_censored,BBCH89_full_ripeness,,,
17,ag_095_040,wheat,2017,2016-10-12,2017-06-10,364789.7923446728,rain_98_matched,1.0,1.1501910535116622e-12,2.2311041902867146e-12,0.0,0.0,0.04267140235271844,494.05,300.0,0.0,347.86173358398264,180.79308311144976,43.0210292056534,0.0,28.810067116135475,0.0,91.2488633679072,300.0,0.0,571.6758459010858,6841.878511968179,15510.587633080544,601.9748562344168,704.2900798492861,2.2084556405843614e-12,unvalidated-engineering-priors,fixed independent scenario factor; no N cycle,2017-04-14,2017-05-23,2017-05-23,full_ripeness,BBCH89_full_ripeness,2016-10-12,seed_layer_available_water,50.0
17,ag_095_040,fallow,2017,2017-06-11,2017-06-14,364789.7923446728,rain_98_matched,1.0,1.6253665080512292e-13,0.0,0.0,0.0,1.0,0.87,0.0,0.0,18.736082499999995,0.0,0.0,0.0,0.0,0.0,0.9802703723002516,0.0,0.0,18.736082499999995,0.0,0.0,704.2900798492861,685.4437269769858,1.234568003383174e-13,unvalidated-engineering-priors,fixed independent scenario factor; no N cycle,,,,right_censored,BBCH89_full_ripeness,,,
17,ag_095_040,maize,2017,2017-06-15,2017-10-05,364789.7923446728,rain_98_matched,1.0,1.1035616864774056e-12,4.320099833421409e-12,0.0,0.0,0.03354275471250856,565.49,80.0,0.0,16.192323281666553,218.94738400191025,86.531234424374,0.0,11.740174181129282,0.0,194.2442248138982,80.0,0.0,321.6709417079508,8414.715303520752,17436.59674880273,685.4437269769858,803.2783862740096,-2.0965451597021456e-12,unvalidated-engineering-priors,fixed independent scenario factor; no N cycle,2017-08-08,2017-09-21,2017-09-21,physiological_maturity,R6_physiological_maturity,2017-06-15,seed_layer_available_water,50.0
17,ag_095_040,fallow,2017,2017-10-06,2017-10-11,364789.7923446728,rain_98_matched,1.0,2.149391775674303e-13,0.0,0.0,0.0,1.0,37.93,0.0,0.0,10.417841499999998,0.0,0.0,0.0,0.0,0.0,35.97766222569982,0.0,0.0,10.417841499999998,0.0,0.0,803.2783862740096,794.8128825483093,4.618527782440651e-13,unvalidated-engineering-priors,fixed independent scenario factor; no N cycle,,,,right_censored,BBCH89_full_ripeness,,,
17,ag_095_040,wheat,2018,2017-10-12,2018-06-10,364789.7923446728,rain_98_matched,1.0,8.526512829121202e-13,5.4356519285647664e-12,0.0,0.0,0.04267140235271844,338.77,300.0,0.0,275.54458100556883,236.7217311626821,59.02574083213499,0.0,46.07189335617126,0.0,172.2273246152975,300.0,0.0,571.2920530003859,8248.828949180723,19406.64067995007,794.8128825483093,643.9916115764535,1.1497469643018121e-12,unvalidated-engineering-priors,fixed independent scenario factor; no N cycle,2018-04-15,2018-05-24,2018-05-24,full_ripeness,BBCH89_full_ripeness,2017-10-12,seed_layer_available_water,50.0
17,ag_095_040,fallow,2018,2018-06-11,2018-06-14,364789.7923446728,rain_98_matched,1.0,1.1102230246251565e-13,0.0,0.0,0.0,1.0,0.0,0.0,0.0,7.216415503574025,0.0,0.0,0.0,0.0,0.0,1.688627154452137,0.0,0.0,7.216415503574025,0.0,0.0,643.9916115764535,635.0865689184271,1.7053025658242404e-13,unvalidated-engineering-priors,fixed independent scenario factor; no N cycle,,,,right_censored,BBCH89_full_ripeness,,,
17,ag_095_040,maize,2018,2018-06-15,2018-10-05,364789.7923446728,rain_98_matched,1.0,1.241673430740775e-12,4.376943252282217e-12,0.0,0.0,0.03354275471250856,488.58,80.0,0.0,18.80472589601284,245.42882621078311,64.91482168071708,0.0,49.53215023640405,0.0,178.87312333826452,80.0,0.0,329.14837378751304,7735.614399439389,16122.237700425747,635.0865689184271,646.1129215562403,5.223710353163824e-12,unvalidated-engineering-priors,fixed independent scenario factor; no N cycle,2018-08-09,2018-09-21,2018-09-21,physiological_maturity,R6_physiological_maturity,2018-06-16,seed_layer_available_water,50.0
17,ag_095_040,fallow,2018,2018-10-06,2018-10-11,364789.7923446728,rain_98_matched,1.0,1.4077627952246985e-13,0.0,0.0,0.0,1.0,0.04,0.0,0.0,18.713597291998294,0.0,0.0,0.0,0.0,0.0,0.93724794580054,0.0,0.0,18.713597291998294,0.0,0.0,646.1129215562403,626.5020763184411,3.042011087472929e-13,unvalidated-engineering-priors,fixed independent scenario factor; no N cycle,,,,right_censored,BBCH89_full_ripeness,,,
17,ag_095_040,wheat,2019,2018-10-12,2019-06-10,364789.7923446728,rain_98_matched,1.0,1.0551559626037488e-12,4.888534022029489e-12,0.0,0.0,0.04267140235271844,251.12,300.0,0.0,286.0429929847106,238.97956354007664,46.793118647092044,0.0,11.50710759263178,0.0,25.358425624175453,300.0,0.0,571.8156751718793,8630.843277932045,19706.805420747798,626.5020763184411,568.9408679297542,4.1217029789208937e-13,unvalidated-engineering-priors,fixed independent scenario factor; no N cycle,2019-04-17,2019-05-28,2019-05-28,full_ripeness,BBCH89_full_ripeness,2018-10-12,seed_layer_available_water,50.0
17,ag_095_040,fallow,2019,2019-06-11,2019-06-14,364789.7923446728,rain_98_matched,1.0,2.0339285811132868e-13,0.0,0.0,0.0,1.0,0.13999999999999999,0.0,0.0,8.767158955667334,0.0,0.0,0.0,0.0,0.0,0.10126077837647025,0.0,0.0,8.767158955667334,0.0,0.0,568.9408679297542,560.2124481957101,3.0464519795714295e-13,unvalidated-engineering-priors,fixed independent scenario factor; no N cycle,,,,right_censored,BBCH89_full_ripeness,,,
17,ag_095_040,maize,2019,2019-06-15,2019-10-05,364789.7923446728,rain_98_matched,1.0,7.691625114603085e-13,6.59383658785373e-12,0.0,0.0,0.03354275471250856,226.68,80.0,0.0,17.903292414672798,285.6576660031357,70.50227116240153,0.0,0.0,0.0,12.630830360698496,80.0,0.0,374.06322958021,8721.290420835689,17940.061999937552,560.2124481957101,480.1983882548042,-2.6397772856512347e-12,unvalidated-engineering-priors,fixed independent scenario factor; no N cycle,2019-08-10,2019-09-21,2019-09-21,physiological_maturity,R6_physiological_maturity,2019-06-16,seed_layer_available_water,50.0
17,ag_095_040,fallow,2019,2019-10-06,2019-10-11,364789.7923446728,rain_98_matched,1.0,1.305622276959184e-13,0.0,0.0,0.0,1.0,23.21,0.0,0.0,11.0199039,0.0,0.0,0.0,0.0,0.0,0.0071820229650226925,0.0,0.0,11.0199039,0.0,0.0,480.1983882548042,492.3813023318391,5.384581669432009e-14,unvalidated-engineering-priors,fixed independent scenario factor; no N cycle,,,,right_censored,BBCH89_full_ripeness,,,
17,ag_095_040,wheat,2020,2019-10-12,2020-06-10,364789.7923446728,rain_98_matched,1.0,7.107647803650252e-13,3.61666252501891e-12,0.0,0.0,0.04267140235271844,218.45,300.0,0.0,248.52856141588842,223.03738499639252,42.45044527730326,0.0,5.417270578449674,0.0,0.4724987855619087,300.0,0.0,514.0163916895842,7472.827118494157,17200.34579657603,492.3813023318391,490.92514127824313,2.036149027162537e-13,unvalidated-engineering-priors,fixed independent scenario factor; no N cycle,2020-04-11,2020-05-23,2020-05-23,full_ripeness,BBCH89_full_ripeness,2019-10-12,seed_layer_available_water,50.0
17,ag_095_040,fallow,2020,2020-06-11,2020-06-14,364789.7923446728,rain_98_matched,1.0,6.750155989720952e-14,0.0,0.0,0.0,1.0,22.19,0.0,0.0,13.815296813908601,0.0,0.0,0.0,0.0,0.0,0.005582702641970204,0.0,0.0,13.815296813908601,0.0,0.0,490.92514127824313,499.29426176169267,-1.0613732115416497e-13,unvalidated-engineering-priors,fixed independent scenario factor; no N cycle,,,,right_censored,BBCH89_full_ripeness,,,
17,ag_095_040,maize,2020,2020-06-15,2020-10-05,364789.7923446728,rain_98_matched,1.0,9.174883075502294e-13,2.8421709430404007e-12,0.0,0.0,0.03354275471250856,710.41,80.0,0.0,17.9139668594935,183.02034231508452,69.41791578266671,0.0,93.98370050050298,0.0,238.0645319238399,80.0,0.0,270.3522249572447,7533.874747448543,14683.416513397864,499.29426176169267,687.3038043801039,1.195155086008981e-12,unvalidated-engineering-priors,fixed independent scenario factor; no N cycle,2020-08-11,2020-09-23,2020-09-23,physiological_maturity,R6_physiological_maturity,2020-06-15,seed_layer_available_water,50.0
17,ag_095_040,fallow,2020,2020-10-06,2020-10-11,364789.7923446728,rain_98_matched,1.0,1.2390088954816747e-13,0.0,0.0,0.0,1.0,1.6,0.0,0.0,12.611518100000001,0.0,0.0,0.0,0.0,0.0,1.479217707422122,0.0,0.0,12.611518100000001,0.0,0.0,687.3038043801039,674.8130685726818,-4.0190073491430667e-14,unvalidated-engineering-priors,fixed independent scenario factor; no N cycle,,,,right_censored,BBCH89_full_ripeness,,,
17,ag_095_040,wheat,2021,2020-10-12,2021-06-10,364789.7923446728,rain_98_matched,1.0,1.2114753644709708e-12,3.183231456205249e-12,0.0,0.0,0.04267140235271844,325.91,300.0,0.0,259.3090393242143,197.97228574619166,61.76501993455013,0.0,28.589543732307778,0.0,106.66188885242128,300.0,0.0,519.046345004956,7526.609942826999,17745.55398283167,674.8130685726818,646.4252909830003,-3.6701752748058425e-12,unvalidated-engineering-priors,fixed independent scenario factor; no N cycle,2021-04-12,2021-05-22,2021-05-22,full_ripeness,BBCH89_full_ripeness,2020-10-12,seed_layer_available_water,50.0
17,ag_095_040,fallow,2021,2021-06-11,2021-06-14,364789.7923446728,rain_98_matched,1.0,1.8118839761882555e-13,0.0,0.0,0.0,1.0,57.46,0.0,0.0,9.07487627221508,0.0,0.0,0.0,0.0,0.0,2.7672679797581132,0.0,0.0,9.07487627221508,0.0,0.0,646.4252909830003,692.0431467310274,-2.637889906509372e-13,unvalidated-engineering-priors,fixed independent scenario factor; no N cycle,,,,right_censored,BBCH89_full_ripeness,,,
17,ag_095_040,maize,2021,2021-06-15,2021-10-05,364789.7923446728,rain_98_matched,1.0,8.859579736508749e-13,1.6200374375330284e-12,0.0,0.0,0.03354275471250856,643.62,80.0,0.0,17.850330547157245,168.344426597146,83.83998256301614,0.0,33.877479533718535,0.0,405.15370326552363,80.0,0.0,270.0347397073194,7025.778958183277,13927.456785071445,692.0431467310274,706.5972242244659,-7.771561172376096e-14,unvalidated-engineering-priors,fixed independent scenario factor; no N cycle,2021-08-09,2021-09-21,2021-09-21,physiological_maturity,R6_physiological_maturity,2021-06-15,seed_layer_available_water,50.0
17,ag_095_040,fallow,2021,2021-10-06,2021-10-11,364789.7923446728,rain_98_matched,1.0,1.4210854715202004e-13,0.0,0.0,0.0,1.0,7.78,0.0,0.0,10.3797924,0.0,0.0,0.0,0.0,0.0,3.861531000245669,0.0,0.0,10.3797924,0.0,0.0,706.5972242244659,700.1359008242202,-2.19824158875781e-14,unvalidated-engineering-priors,fixed independent scenario factor; no N cycle,,,,right_censored,BBCH89_full_ripeness,,,
17,ag_095_040,wheat,2022,2021-10-12,2022-06-10,364789.7923446728,rain_98_matched,0.75,1.043165553937797e-12,3.495870259939693e-12,0.0,0.0,0.04267140235271844,317.33,225.0,0.0,257.1631967664622,241.75184602786203,56.36470063879666,0.0,19.052709185619676,0.0,69.7588863387578,225.0,0.0,555.2797434331209,8615.461872422191,20036.568732638,700.1359008242202,598.374561866722,-1.3816725541460073e-13,unvalidated-engineering-priors,fixed independent scenario factor; no N cycle,2022-04-10,2022-05-21,2022-05-21,full_ripeness,BBCH89_full_ripeness,2021-10-12,seed_layer_available_water,50.0
17,ag_095_040,fallow,2022,2022-06-11,2022-06-14,364789.7923446728,rain_98_matched,0.75,5.6288307348495437e-14,0.0,0.0,0.0,1.0,1.1400000000000001,0.0,0.0,4.993256312502573,0.0,0.0,0.0,0.0,0.0,0.5734860964063235,0.0,0.0,4.993256312502573,0.0,0.0,598.374561866722,593.9478194578132,-8.815170815523743e-14,unvalidated-engineering-priors,fixed independent scenario factor; no N cycle,,,,right_censored,BBCH89_full_ripeness,,,
17,ag_095_040,maize,2022,2022-06-15,2022-10-05,364789.7923446728,rain_98_matched,0.75,1.0080825063596421e-12,3.467448550509289e-12,0.0,0.0,0.03354275471250856,418.95,60.0,0.0,22.009230235900848,273.1324336068158,64.95911601851088,0.0,0.0,0.0,82.01326729379691,60.0,0.0,360.1007798612276,8977.312512558889,17931.544143720217,593.9478194578132,630.7837723027836,5.131117752910086e-12,unvalidated-engineering-priors,fixed independent scenario factor; no N cycle,2022-08-11,2022-09-24,2022-09-24,physiological_maturity,R6_physiological_maturity,2022-06-16,seed_layer_available_water,50.0
17,ag_095_040,fallow,2022,2022-10-06,2022-10-11,364789.7923446728,rain_98_matched,0.75,1.496580637194711e-13,0.0,0.0,0.0,1.0,15.42,0.0,0.0,14.787462699999997,0.0,0.0,0.0,0.0,0.0,0.12325616385792337,0.0,0.0,14.787462699999997,0.0,0.0,630.7837723027836,631.2930534389255,1.7119639039719914e-13,unvalidated-engineering-priors,fixed independent scenario factor; no N cycle,,,,right_censored,BBCH89_full_ripeness,,,
17,ag_095_040,wheat,2023,2022-10-12,2023-06-10,364789.7923446728,rain_98_matched,1.0,9.983125437429408e-13,4.831690603168681e-12,0.0,0.0,0.04267140235271844,321.73,300.0,0.0,312.5321988574757,229.0799530401885,42.41986478737653,0.0,13.081768687164459,0.0,24.586213494321683,300.0,0.0,584.0320166850407,7572.920895157281,17623.3352529265,631.2930534389255,631.3230545724026,-3.9745984281580604e-12,unvalidated-engineering-priors,fixed independent scenario factor; no N cycle,2023-04-13,2023-05-24,2023-05-24,full_ripeness,BBCH89_full_ripeness,2022-10-12,seed_layer_available_water,50.0
17,ag_095_040,fallow,2023,2023-06-11,2023-06-14,364789.7923446728,rain_98_matched,1.0,1.9606538614880265e-13,0.0,0.0,0.0,1.0,5.48,0.0,0.0,12.086142401963878,0.0,0.0,0.0,0.0,0.0,0.6407450241613708,0.0,0.0,12.086142401963878,0.0,0.0,631.3230545724026,624.0761671462772,2.0539125955565396e-13,unvalidated-engineering-priors,fixed independent scenario factor; no N cycle,,,,right_censored,BBCH89_full_ripeness,,,
17,ag_095_040,maize,2023,2023-06-15,2023-10-05,364789.7923446728,rain_98_matched,1.0,1.212363542890671e-12,3.637978807091713e-12,0.0,0.0,0.03354275471250856,579.49,80.0,0.0,17.844460874642525,221.65683283427504,92.49617848683494,0.0,5.500103400950492,0.0,178.94396868477702,80.0,0.0,331.9974721957525,8665.111286307074,17656.15996653778,624.0761671462772,767.124622864802,-4.7979398232200765e-12,unvalidated-engineering-priors,fixed independent scenario factor; no N cycle,2023-08-09,2023-09-20,2023-09-20,physiological_maturity,R6_physiological_maturity,2023-06-16,seed_layer_available_water,50.0
17,ag_095_040,fallow,2023,2023-10-06,2023-10-11,364789.7923446728,rain_98_matched,1.0,2.4513724383723456e-13,0.0,0.0,0.0,1.0,3.02,0.0,0.0,14.474356899999998,0.0,0.0,0.0,0.0,0.0,16.771066269459983,0.0,0.0,14.474356899999998,0.0,0.0,767.124622864802,738.8991996953418,1.1812772982011666e-13,unvalidated-engineering-priors,fixed independent scenario factor; no N cycle,,,,right_censored,BBCH89_full_ripeness,,,
17,ag_095_040,wheat,2024,2023-10-12,2024-06-10,364789.7923446728,rain_98_matched,0.75,9.263700917472306e-13,4.263256414560601e-12,0.0,0.0,0.04267140235271844,280.51,225.0,0.0,285.7268280550905,250.85278750929376,53.27712659770966,0.0,0.0,0.0,91.37160863999546,225.0,0.0,589.856742162094,9236.582968270257,20464.7510855553,738.8991996953418,563.1808488932484,4.1205927558962685e-12,unvalidated-engineering-priors,fixed independent scenario factor; no N cycle,2024-04-15,2024-05-25,2024-05-25,full_ripeness,BBCH89_full_ripeness,2023-10-12,seed_layer_available_water,50.0
17,ag_095_040,fallow,2024,2024-06-11,2024-06-14,364789.7923446728,rain_98_matched,0.75,2.8110846983508964e-13,0.0,0.0,0.0,1.0,0.32,0.0,0.0,3.7518688860899685,0.0,0.0,0.0,0.0,0.0,0.17777070700676806,0.0,0.0,3.7518688860899685,0.0,0.0,563.1808488932484,559.5712093001515,1.2145839889399213e-13,unvalidated-engineering-priors,fixed independent scenario factor; no N cycle,,,,right_censored,BBCH89_full_ripeness,,,
17,ag_095_040,maize,2024,2024-06-15,2024-10-05,364789.7923446728,rain_98_matched,0.75,1.2465584120491258e-12,2.4442670110147446e-12,0.0,0.0,0.03354275471250856,578.96,60.0,0.0,21.582891264664447,193.1502203384425,93.47483374879232,0.0,7.485386611097004,0.0,259.82484508521105,60.0,0.0,308.20794535189924,7329.645917868909,14705.467727487743,559.5712093001515,623.0130322519399,4.284794741238329e-12,unvalidated-engineering-priors,fixed independent scenario factor; no N cycle,2024-08-09,2024-09-19,2024-09-19,physiological_maturity,R6_physiological_maturity,2024-06-16,seed_layer_available_water,50.0
17,ag_095_040,fallow,2024,2024-10-06,2024-10-11,364789.7923446728,rain_98_matched,0.75,8.126832540256146e-14,0.0,0.0,0.0,1.0,2.82,0.0,0.0,15.434459200666216,0.0,0.0,0.0,0.0,0.0,0.44462262334160574,0.0,0.0,15.434459200666216,0.0,0.0,623.0130322519399,609.9539504279321,-5.972999872483342e-14,unvalidated-engineering-priors,fixed independent scenario factor; no N cycle,,,,right_censored,BBCH89_full_ripeness,,,
17,ag_095_040,wheat,2025,2024-10-12,2025-06-10,364789.7923446728,rain_98_matched,0.75,8.686384944667225e-13,3.964828465541359e-12,0.0,0.0,0.04267140235271844,297.21,225.0,0.0,299.630143754245,301.30147678513043,37.552113529921904,0.0,0.0,0.0,15.032302202792728,225.0,0.0,638.4837340692973,8975.499740397152,20346.239795259662,609.9539504279321,478.6479141558435,-1.4377388168895777e-12,unvalidated-engineering-priors,fixed independent scenario factor; no N cycle,2025-04-11,2025-05-22,2025-05-22,full_ripeness,BBCH89_full_ripeness,2024-10-12,seed_layer_available_water,50.0
17,ag_095_040,fallow,2025,2025-06-11,2025-06-14,364789.7923446728,rain_98_matched,0.75,6.128431095930864e-14,0.0,0.0,0.0,1.0,10.139999999999999,0.0,0.0,6.540636737329321,0.0,0.0,0.0,0.0,0.0,0.003651034067233938,0.0,0.0,6.540636737329321,0.0,0.0,478.6479141558435,482.24362638444705,-8.715250743307479e-14,unvalidated-engineering-priors,fixed independent scenario factor; no N cycle,,,,right_censored,BBCH89_full_ripeness,,,
17,ag_095_040,maize,2025,2025-06-15,2025-10-05,364789.7923446728,rain_98_matched,0.75,7.567280135845067e-13,3.865352482534945e-12,0.0,0.0,0.03354275471250856,637.58,60.0,0.0,17.452598847559614,198.02661869992568,116.83020743822475,0.0,0.0,0.0,56.07336959943032,60.0,0.0,332.30942498571005,7776.7827766527835,17252.05253281651,482.24362638444705,791.4408317993081,-1.357913781419029e-12,unvalidated-engineering-priors,fixed independent scenario factor; no N cycle,2025-08-11,2025-09-24,2025-09-24,physiological_maturity,R6_physiological_maturity,2025-06-15,seed_layer_available_water,50.0
17,ag_095_040,fallow,1996,1996-01-01,1996-10-11,364789.7923446728,rain_95_available,1.0,2.984279490192421e-13,0.0,0.0,0.0,1.0,974.85,0.0,0.0,707.9558673549423,0.0,0.0,0.0,1.2227744113754788,0.0,157.09980383085534,0.0,0.0,707.9558673549423,0.0,0.0,573.7456994339389,682.3172538367659,-9.54236689665322e-14,unvalidated-engineering-priors,fixed independent scenario factor; no N cycle,,,,right_censored,BBCH89_full_ripeness,,,
17,ag_095_040,wheat,1997,1996-10-12,1997-06-10,364789.7923446728,rain_95_available,1.0,9.938716516444401e-13,4.234834705130197e-12,0.0,0.0,0.04267140235271844,522.08,300.0,0.0,321.8742671864218,190.18548816271567,48.42348470232227,0.0,43.37055241018021,0.0,243.22187198495024,300.0,0.0,560.4832400514597,7469.153887333927,17111.737880168515,682.3172538367659,657.3215893901737,1.9819701435608295e-12,unvalidated-engineering-priors,fixed independent scenario factor; no N cycle,1997-04-20,1997-05-29,1997-05-29,full_ripeness,BBCH89_full_ripeness,1996-10-12,seed_layer_available_water,50.0
17,ag_095_040,fallow,1997,1997-06-11,1997-06-14,364789.7923446728,rain_95_available,1.0,1.1457501614131615e-13,0.0,0.0,0.0,1.0,0.060000000000000005,0.0,0.0,11.85343237056242,0.0,0.0,0.0,0.0,0.0,2.1153781087475676,0.0,0.0,11.85343237056242,0.0,0.0,657.3215893901737,643.4127789108638,-1.2301271112846734e-13,unvalidated-engineering-priors,fixed independent scenario factor; no N cycle,,,,right_censored,BBCH89_full_ripeness,,,
17,ag_095_040,maize,1997,1997-06-15,1997-10-05,364789.7923446728,rain_95_available,1.0,9.183764859699295e-13,4.916955731459893e-12,0.0,0.0,0.03354275471250856,370.71,80.0,0.0,18.912906896204785,269.2691596744207,71.45387518546947,0.0,10.135326790406868,0.0,163.7253006224479,80.0,0.0,359.63594175609495,9956.256844314503,19027.97233838087,643.4127789108638,560.6262097419147,-6.090683513093609e-13,unvalidated-engineering-priors,fixed independent scenario factor; no N cycle,1997-08-10,1997-09-24,1997-09-24,physiological_maturity,R6_physiological_maturity,1997-06-16,seed_layer_available_water,50.0
17,ag_095_040,fallow,1997,1997-10-06,1997-10-11,364789.7923446728,rain_95_available,1.0,1.8429702208777599e-13,0.0,0.0,0.0,1.0,0.21,0.0,0.0,15.777071708687393,0.0,0.0,0.0,0.0,0.0,0.08821574286296398,0.0,0.0,15.777071708687393,0.0,0.0,560.6262097419147,544.9709222903641,2.7844393457598926e-13,unvalidated-engineering-priors,fixed independent scenario factor; no N cycle,,,,right_censored,BBCH89_full_ripeness,,,
17,ag_095_040,wheat,1998,1997-10-12,1998-06-10,364789.7923446728,rain_95_available,1.0,1.0205170042354439e-12,4.234834705130197e-12,0.0,0.0,0.04267140235271844,693.37,300.0,0.0,323.1109910639418,167.36021074321602,72.72854487805033,0.0,87.91660160502151,0.0,185.10459792253633,300.0,0.0,563.1997466852082,6931.179281284214,16403.13829448631,544.9709222903641,702.1199760775963,1.7795764861716634e-12,unvalidated-engineering-priors,fixed independent scenario factor; no N cycle,1998-04-21,1998-05-31,1998-05-31,full_ripeness,BBCH89_full_ripeness,1997-10-13,seed_layer_available_water,50.0
17,ag_095_040,fallow,1998,1998-06-11,1998-06-14,364789.7923446728,rain_95_available,1.0,8.704148513061227e-14,0.0,0.0,0.0,1.0,10.32,0.0,0.0,14.694971475746188,0.0,0.0,0.0,0.0,0.0,6.446091400623624,0.0,0.0,14.694971475746188,0.0,0.0,702.1199760775963,691.2989132012265,5.240252676230739e-14,unvalidated-engineering-priors,fixed independent scenario factor; no N cycle,,,,right_censored,BBCH89_full_ripeness,,,
17,ag_095_040,maize,1998,1998-06-15,1998-10-05,364789.7923446728,rain_95_available,1.0,9.960920976936904e-13,2.3874235921539366e-12,0.0,0.0,0.03354275471250856,723.7,80.0,0.0,19.567320237013732,193.84231530892154,98.56468793028007,0.0,45.103178282062416,0.0,489.5882825862255,80.0,0.0,311.9743234762154,8076.701199949428,15328.642088745433,691.2989132012265,648.3331288567238,-5.682121440031551e-13,unvalidated-engineering-priors,fixed independent scenario factor; no N cycle,1998-08-08,1998-09-18,1998-09-18,physiological_maturity,R6_physiological_maturity,1998-06-15,seed_layer_available_water,50.0
17,ag_095_040,fallow,1998,1998-10-06,1998-10-11,364789.7923446728,rain_95_available,1.0,1.8252066524837574e-13,0.0,0.0,0.0,1.0,0.9199999999999999,0.0,0.0,15.459641087604938,0.0,0.0,0.0,0.0,0.0,1.2513578753234227,0.0,0.0,15.459641087604938,0.0,0.0,648.3331288567238,632.542129893795,3.5016434196677437e-13,unvalidated-engineering-priors,fixed independent scenario factor; no N cycle,,,,right_censored,BBCH89_full_ripeness,,,
17,ag_095_040,wheat,1999,1998-10-12,1999-06-10,364789.7923446728,rain_95_available,1.0,9.370282327836321e-13,2.7284841053187847e-12,0.0,0.0,0.04267140235271844,330.79,300.0,0.0,261.281411830648,197.5847586758506,60.98622009377718,0.0,38.90265721249364,0.0,54.929822526976665,300.0,0.0,519.8523906002757,7211.172088797423,17050.726551389667,632.542129893795,649.6472595540507,-1.7165158183729545e-12,unvalidated-engineering-priors,fixed independent scenario factor; no N cycle,1999-04-15,1999-05-23,1999-05-23,full_ripeness,BBCH89_full_ripeness,1998-10-12,seed_layer_available_water,50.0
17,ag_095_040,fallow,1999,1999-06-11,1999-06-14,364789.7923446728,rain_95_available,1.0,1.5365486660812167e-13,0.0,0.0,0.0,1.0,0.52,0.0,0.0,5.999902967411643,0.0,0.0,0.0,0.0,0.0,2.3225689124482742,0.0,0.0,5.999902967411643,0.0,0.0,649.6472595540507,641.844787674191,-2.2248869413488137e-13,unvalidated-engineering-priors,fixed independent scenario factor; no N cycle,,,,right_censored,BBCH89_full_ripeness,,,
17,ag_095_040,maize,1999,1999-06-15,1999-10-05,364789.7923446728,rain_95_available,1.0,1.021405182655144e-12,3.097966327914037e-12,0.0,0.0,0.03354275471250856,362.04,80.0,0.0,19.179952324125306,237.563191367716,73.59673949743576,0.0,0.0,0.0,125.06240694040125,80.0,0.0,330.3398831892771,8370.221560742533,16896.443028464586,641.844787674191,628.4824975445141,-1.4008794124720225e-12,unvalidated-engineering-priors,fixed independent scenario factor; no N cycle,1999-08-11,1999-09-24,1999-09-24,physiological_maturity,R6_physiological_maturity,1999-06-16,seed_layer_available_water,50.0
17,ag_095_040,fallow,1999,1999-10-06,1999-10-11,364789.7923446728,rain_95_available,1.0,1.7852386235972517e-13,0.0,0.0,0.0,1.0,9.92,0.0,0.0,13.283262900000002,0.0,0.0,0.0,0.0,0.0,0.10604891538359372,0.0,0.0,13.283262900000002,0.0,0.0,628.4824975445141,625.0131857291304,6.661338147750939e-14,unvalidated-engineering-priors,fixed independent scenario factor; no N cycle,,,,right_censored,BBCH89_full_ripeness,,,
17,ag_095_040,wheat,2000,1999-10-12,2000-06-10,364789.7923446728,rain_95_available,1.0,7.389644451905042e-13,4.490630090003833e-12,0.0,0.0,0.04267140235271844,425.87,300.0,0.0,307.6254207092124,282.5169107666685,47.49439980976166,0.0,20.68222323795353,0.0,54.903729976313876,300.0,0.0,637.6367312856426,9543.354904286889,21301.917798249553,625.0131857291304,637.6605012292173,3.1805669209461485e-12,unvalidated-engineering-priors,fixed independent scenario factor; no N cycle,2000-04-17,2000-05-25,2000-05-25,full_ripeness,BBCH89_full_ripeness,1999-10-12,seed_layer_available_water,50.0
17,ag_095_040,fallow,2000,2000-06-11,2000-06-14,364789.7923446728,rain_95_available,1.0,1.4477308241112041e-13,0.0,0.0,0.0,1.0,1.18,0.0,0.0,16.223611438651112,0.0,0.0,0.0,0.0,0.0,0.34695729935649494,0.0,0.0,16.223611438651112,0.0,0.0,637.6605012292173,622.2699324912096,7.949196856316121e-14,unvalidated-engineering-priors,fixed independent scenario factor; no N cycle,,,,right_censored,BBCH89_full_ripeness,,,
17,ag_095_040,maize,2000,2000-06-15,2000-10-05,364789.7923446728,rain_95_available,1.0,1.0484946244559978e-12,1.9326762412674725e-12,0.0,0.0,0.03354275471250856,815.64,80.0,0.0,22.208022448508192,117.96573835672402,85.92126598643884,0.0,5.627371244563733,0.0,513.4384315161622,80.0,0.0,226.09502679167105,6074.197253063933,11917.07544198741,622.2699324912096,772.7491029388086,4.082401083849163e-12,unvalidated-engineering-priors,fixed independent scenario factor; no N cycle,2000-08-09,2000-09-21,2000-09-21,physiological_maturity,R6_physiological_maturity,2000-06-16,seed_layer_available_water,50.0
17,ag_095_040,fallow,2000,2000-10-06,2000-10-11,364789.7923446728,rain_95_available,1.0,1.2612133559741778e-13,0.0,0.0,0.0,1.0,24.790000000000003,0.0,0.0,14.7318801,0.0,0.0,0.0,0.0,0.0,20.234977819839955,0.0,0.0,14.7318801,0.0,0.0,772.7491029388086,762.5722450189683,4.072298054325074e-13,unvalidated-engineering-priors,fixed independent scenario factor; no N cycle,,,,right_censored,BBCH89_full_ripeness,,,
17,ag_095_040,wheat,2001,2000-10-12,2001-06-10,364789.7923446728,rain_95_available,1.0,9.734435479913373e-13,4.227729277772596e-12,0.0,0.0,0.04267140235271844,375.02,300.0,0.0,325.1007084599211,203.1820671109622,44.951858623738524,0.0,35.23910886503512,0.0,198.3008847752576,300.0,0.0,573.2346341946218,7684.04831965813,17187.464521940623,762.5722450189683,630.8176171840563,-2.6026958366287545e-12,unvalidated-engineering-priors,fixed independent scenario factor; no N cycle,2001-04-17,2001-05-27,2001-05-27,full_ripeness,BBCH89_full_ripeness,2000-10-12,seed_layer_available_water,50.0
17,ag_095_040,fallow,2001,2001-06-11,2001-06-14,364789.7923446728,rain_95_available,1.0,1.0835776720341528e-13,0.0,0.0,0.0,1.0,4.16,0.0,0.0,17.745917540436523,0.0,0.0,0.0,0.0,0.0,0.5637593932536247,0.0,0.0,17.745917540436523,0.0,0.0,630.8176171840563,616.6679402503661,7.105427357601002e-14,unvalidated-engineering-priors,fixed independent scenario factor; no N cycle,,,,right_censored,BBCH89_full_ripeness,,,
17,ag_095_040,maize,2001,2001-06-15,2001-10-05,364789.7923446728,rain_95_available,1.0,9.36140054363932e-13,4.320099833421409e-12,0.0,0.0,0.03354275471250856,324.19,80.0,0.0,17.26016557344922,281.089405971089,82.44654043584798,0.0,0.0,0.0,86.96737329527578,80.0,0.0,380.7961119803862,10003.21217973193,19731.836401145854,616.6679402503661,553.0944549747139,-9.755751761986176e-12,unvalidated-engineering-priors,fixed independent scenario factor; no N cycle,2001-08-09,2001-09-21,2001-09-21,physiological_maturity,R6_physiological_maturity,2001-06-15,seed_layer_available_water,50.0
17,ag_095_040,fallow,2001,2001-10-06,2001-10-11,364789.7923446728,rain_95_available,1.0,7.860379014346108e-14,0.0,0.0,0.0,1.0,3.57,0.0,0.0,13.78717675714559,0.0,0.0,0.0,0.0,0.0,0.13205227633215402,0.0,0.0,13.78717675714559,0.0,0.0,553.0944549747139,542.745225941236,2.2382096176443156e-13,unvalidated-engineering-priors,fixed independent scenario factor; no N cycle,,,,right_censored,BBCH89_full_ripeness,,,
17,ag_095_040,wheat,2002,2001-10-12,2002-06-10,364789.7923446728,rain_95_available,1.0,8.775202786637237e-13,4.291678123991005e-12,0.0,0.0,0.04267140235271844,498.05,300.0,0.0,273.7167373597648,180.67991981706416,74.85906947132764,0.0,28.960280121910813,0.0,89.42549738575953,300.0,0.0,529.2557266481566,7194.345820822438,17630.643679452507,542.745225941236,693.1537217854133,-4.225397809420883e-12,unvalidated-engineering-priors,fixed independent scenario factor; no N cycle,2002-04-09,2002-05-23,2002-05-23,full_ripeness,BBCH89_full_ripeness,2001-10-13,seed_layer_available_water,50.0
17,ag_095_040,fallow,2002,2002-06-11,2002-06-14,364789.7923446728,rain_95_available,1.0,1.6697754290362354e-13,0.0,0.0,0.0,1.0,0.0,0.0,0.0,23.392381993236057,0.0,0.0,0.0,0.0,0.0,3.236204799370743,0.0,0.0,23.392381993236057,0.0,0.0,693.1537217854133,666.5251349928064,2.5757174171303632e-14,unvalidated-engineering-priors,fixed independent scenario factor; no N cycle,,,,right_censored,BBCH89_full_ripeness,,,
17,ag_095_040,maize,2002,2002-06-15,2002-10-05,364789.7923446728,rain_95_available,1.0,8.899547765395255e-13,3.353761712787673e-12,0.0,0.0,0.03354275471250856,506.13,80.0,0.0,18.835912255363986,215.16942500857516,80.3012294992024,0.0,77.37033684799238,0.0,216.37374181653797,80.0,0.0,314.3065667631416,9016.485663821155,17004.390113182475,666.5251349928064,644.6044895651387,-4.169553591282238e-12,unvalidated-engineering-priors,fixed independent scenario factor; no N cycle,2002-08-11,2002-09-26,2002-09-26,physiological_maturity,R6_physiological_maturity,2002-06-16,seed_layer_available_water,50.0
17,ag_095_040,fallow,2002,2002-10-06,2002-10-11,364789.7923446728,rain_95_available,1.0,1.6431300764452317e-13,0.0,0.0,0.0,1.0,0.02,0.0,0.0,20.203563176628215,0.0,0.0,0.0,0.0,0.0,0.6324708623061386,0.0,0.0,20.203563176628215,0.0,0.0,644.6044895651387,623.7884555262045,-1.8962609260597674e-13,unvalidated-engineering-priors,fixed independent scenario factor; no N cycle,,,,right_censored,BBCH89_full_ripeness,,,
17,ag_095_040,wheat,2003,2002-10-12,2003-06-10,364789.7923446728,rain_95_available,0.75,9.752199048307375e-13,2.6147972675971687e-12,0.0,0.0,0.04267140235271844,400.0,225.0,0.0,282.99796140012876,169.00121286233858,63.32349568924862,0.0,1.8709963308069906,0.0,87.33640764930959,225.0,0.0,515.322669951716,6835.9030064160215,15804.274695505701,623.7884555262045,644.258381594371,9.690026558928366e-13,unvalidated-engineering-priors,fixed independent scenario factor; no N cycle,2003-04-23,2003-05-31,2003-05-31,full_ripeness,BBCH89_full_ripeness,2002-10-12,seed_layer_available_water,50.0
17,ag_095_040,fallow,2003,2003-06-11,2003-06-14,364789.7923446728,rain_95_available,0.75,1.1457501614131615e-13,0.0,0.0,0.0,1.0,1.95,0.0,0.0,7.828932565845769,0.0,0.0,0.0,0.0,0.0,2.2326153467943355,0.0,0.0,7.828932565845769,0.0,0.0,644.258381594371,636.1468336817311,-1.6986412276764895e-13,unvalidated-engineering-priors,fixed independent scenario factor; no N cycle,,,,right_censored,BBCH89_full_ripeness,,,
17,ag_095_040,maize,2003,2003-06-15,2003-10-05,364789.7923446728,rain_95_available,0.75,1.078248601515952e-12,1.8758328224066645e-12,0.0,0.0,0.03354275471250856,950.01,60.0,0.0,19.63939966951286,105.39588275462442,92.02515915704964,0.0,38.46986278156996,0.0,619.3275677458425,60.0,0.0,217.06044158118692,6336.699263609976,11929.606138098861,636.1468336817311,771.2989615731374,-5.720424134381119e-12,unvalidated-engineering-priors,fixed independent scenario factor; no N cycle,2003-08-13,2003-09-30,2003-09-30,physiological_maturity,R6_physiological_maturity,2003-06-16,seed_layer_available_water,50.0
17,ag_095_040,fallow,2003,2003-10-06,2003-10-11,364789.7923446728,rain_95_available,0.75,1.247890679678676e-13,0.0,0.0,0.0,1.0,47.54,0.0,0.0,12.508080600000001,0.0,0.0,0.0,0.0,0.0,13.2915334828178,0.0,0.0,12.508080600000001,0.0,0.0,771.2989615731374,793.0393474903193,2.7489122089718876e-13,unvalidated-engineering-priors,fixed independent scenario factor; no N cycle,,,,right_censored,BBCH89_full_ripeness,,,
17,ag_095_040,wheat,2004,2003-10-12,2004-06-10,364789.7923446728,rain_95_available,0.5,7.220890552162018e-13,3.751665644813329e-12,0.0,0.0,0.04267140235271844,312.71999999999997,150.0,0.0,314.20719440902417,240.77941770367124,50.670787236441384,0.0,0.0,0.0,134.52970496512202,150.0,0.0,605.6573993491369,8665.541498134513,19681.399815955217,793.0393474903193,515.5722431760589,1.5051293544843247e-12,unvalidated-engineering-priors,fixed independent scenario factor; no N cycle,2004-04-12,2004-05-20,2004-05-20,full_ripeness,BBCH89_full_ripeness,2003-10-12,seed_layer_available_water,50.0
17,ag_095_040,fallow,2004,2004-06-11,2004-06-14,364789.7923446728,rain_95_available,0.5,6.616929226765933e-14,0.0,0.0,0.0,1.0,27.29,0.0,0.0,5.843482009396841,0.0,0.0,0.0,0.0,0.0,0.013979389641768853,0.0,0.0,5.843482009396841,0.0,0.0,515.5722431760589,537.0047817770204,-1.0436096431476471e-13,unvalidated-engineering-priors,fixed independent scenario factor; no N cycle,,,,right_censored,BBCH89_full_ripeness,,,
17,ag_095_040,maize,2004,2004-06-15,2004-10-05,364789.7923446728,rain_95_available,0.5,1.0467182676165976e-12,3.353761712787673e-12,0.0,0.0,0.03354275471250856,597.41,40.0,0.0,16.648291031402323,198.95913164678927,107.58225969513269,0.0,12.000853302024774,0.0,148.01400299692753,40.0,0.0,323.1896823733243,9359.080195342627,17807.754593629244,537.0047817770204,691.210243104743,8.396061623727746e-13,unvalidated-engineering-priors,fixed independent scenario factor; no N cycle,2004-08-10,2004-09-26,2004-09-26,physiological_maturity,R6_physiological_maturity,2004-06-15,seed_layer_available_water,50.0
17,ag_095_040,fallow,2004,2004-10-06,2004-10-11,364789.7923446728,rain_95_available,0.5,1.7497114868092467e-13,0.0,0.0,0.0,1.0,0.01,0.0,0.0,18.087044081498576,0.0,0.0,0.0,0.0,0.0,2.6589769599172595,0.0,0.0,18.087044081498576,0.0,0.0,691.210243104743,670.4742220633268,3.3084646133829665e-13,unvalidated-engineering-priors,fixed independent scenario factor; no N cycle,,,,right_censored,BBCH89_full_ripeness,,,
17,ag_095_040,wheat,2005,2004-10-12,2005-06-10,364789.7923446728,rain_95_available,0.5,9.28590537796481e-13,3.922195901395753e-12,0.0,0.0,0.04267140235271844,302.31,150.0,0.0,224.44894399566778,243.9335173502992,71.49993869927357,0.0,0.0,0.0,35.283153393708766,150.0,0.0,539.8824000452406,8813.211281769896,20905.809803369375,670.4742220633268,547.6186686243775,-2.808864252301646e-14,unvalidated-engineering-priors,fixed independent scenario factor; no N cycle,2005-04-25,2005-06-02,2005-06-02,full_ripeness,BBCH89_full_ripeness,2004-10-12,seed_layer_available_water,50.0
17,ag_095_040,fallow,2005,2005-06-11,2005-06-14,364789.7923446728,rain_95_available,0.5,1.5631940186722204e-13,0.0,0.0,0.0,1.0,0.0,0.0,0.0,17.16580295939406,0.0,0.0,0.0,0.0,0.0,0.020554230675665915,0.0,0.0,17.16580295939406,0.0,0.0,547.6186686243775,530.4323114343076,1.5720758028692217e-13,unvalidated-engineering-priors,fixed independent scenario factor; no N cycle,,,,right_censored,BBCH89_full_ripeness,,,
17,ag_095_040,maize,2005,2005-06-15,2005-10-05,364789.7923446728,rain_95_available,0.5,9.592326932761353e-13,2.2737367544323206e-12,0.0,0.0,0.03354275471250856,986.16,40.0,0.0,19.101552787751455,140.12047758986694,112.65457968202544,0.0,160.1655600686091,0.0,345.30570820092544,40.0,0.0,271.87661005964384,7347.854583809221,14780.78557740177,530.4323114343076,779.2444331051261,3.1614710849225958e-12,unvalidated-engineering-priors,fixed independent scenario factor; no N cycle,2005-08-09,2005-09-25,2005-09-25,physiological_maturity,R6_physiological_maturity,2005-06-16,seed_layer_available_water,50.0
17,ag_095_040,fallow,2005,2005-10-06,2005-10-11,364789.7923446728,rain_95_available,0.5,2.2026824808563106e-13,0.0,0.0,0.0,1.0,1.35,0.0,0.0,18.1049977,0.0,0.0,0.0,0.0,0.0,22.32618930878589,0.0,0.0,18.1049977,0.0,0.0,779.2444331051261,740.1632460963398,3.9968028886505635e-13,unvalidated-engineering-priors,fixed independent scenario factor; no N cycle,,,,right_censored,BBCH89_full_ripeness,,,
17,ag_095_040,wheat,2006,2005-10-12,2006-06-10,364789.7923446728,rain_95_available,0.5,8.597567102697212e-13,4.170885858911788e-12,0.0,0.0,0.04267140235271844,266.48,150.0,0.0,241.71810737043066,254.1177578227562,58.34289648071985,0.0,0.0,0.0,76.92619630835473,150.0,0.0,554.1787616739067,9098.033131986813,21055.685479782493,740.1632460963398,525.5382881140804,-2.051803171809752e-12,unvalidated-engineering-priors,fixed independent scenario factor; no N cycle,2006-04-18,2006-05-27,2006-05-27,full_ripeness,BBCH89_full_ripeness,2005-10-12,seed_layer_available_water,50.0
17,ag_095_040,fallow,2006,2006-06-11,2006-06-14,364789.7923446728,rain_95_available,0.5,1.6342482922482304e-13,0.0,0.0,0.0,1.0,12.34,0.0,0.0,7.646274476140686,0.0,0.0,0.0,0.0,0.0,0.02947492610473882,0.0,0.0,7.646274476140686,0.0,0.0,525.5382881140804,530.2025387118352,-2.83550960489265e-13,unvalidated-engineering-priors,fixed independent scenario factor; no N cycle,,,,right_censored,BBCH89_full_ripeness,,,
17,ag_095_040,maize,2006,2006-06-15,2006-10-05,364789.7923446728,rain_95_available,0.5,1.0200729150255938e-12,2.2737367544323206e-12,0.0,0.0,0.03354275471250856,446.37,40.0,0.0,20.928208279645986,161.82236340779687,104.39960560416037,0.0,8.39867603268402,0.0,54.30836147666096,40.0,0.0,287.15017729160326,8030.4834191574255,15536.386275224611,530.2025387118352,666.7153239108893,-2.275291066666796e-12,unvalidated-engineering-priors,fixed independent scenario factor; no N cycle,2006-08-08,2006-09-22,2006-09-22,physiological_maturity,R6_physiological_maturity,2006-06-15,seed_layer_available_water,50.0
17,ag_095_040,fallow,2006,2006-10-06,2006-10-11,364789.7923446728,rain_95_available,0.5,1.283417816466681e-13,0.0,0.0,0.0,1.0,0.3,0.0,0.0,18.556582955793033,0.0,0.0,0.0,0.0,0.0,1.2132829796547908,0.0,0.0,18.556582955793033,0.0,0.0,666.7153239108893,647.2454579754415,1.9095836023552692e-14,unvalidated-engineering-priors,fixed independent scenario factor; no N cycle,,,,right_censored,BBCH89_full_ripeness,,,
17,ag_095_040,wheat,2007,2006-10-12,2007-06-10,364789.7923446728,rain_95_available,0.75,1.0362821711851211e-12,3.467448550509289e-12,0.0,0.0,0.04267140235271844,299.38,225.0,0.0,283.93452700497437,246.9968729465357,57.69926809658745,0.0,0.0,0.0,28.14931274905184,225.0,0.0,588.6306680480975,9236.914702672093,20957.428192101986,647.2454579754415,554.8454771782921,4.08006961549745e-14,unvalidated-engineering-priors,fixed independent scenario factor; no N cycle,2007-04-15,2007-05-24,2007-05-24,full_ripeness,BBCH89_full_ripeness,2006-10-12,seed_layer_available_water,50.0
17,ag_095_040,fallow,2007,2007-06-11,2007-06-14,364789.7923446728,rain_95_available,0.75,2.036149027162537e-13,0.0,0.0,0.0,1.0,0.01,0.0,0.0,4.275042166864571,0.0,0.0,0.0,0.0,0.0,0.09705105641821929,0.0,0.0,4.275042166864571,0.0,0.0,554.8454771782921,550.4833839550096,-2.9032332093947844e-13,unvalidated-engineering-priors,fixed independent scenario factor; no N cycle,,,,right_censored,BBCH89_full_ripeness,,,
17,ag_095_040,maize,2007,2007-06-15,2007-10-05,364789.7923446728,rain_95_available,0.75,1.262989712813578e-12,3.097966327914037e-12,0.0,0.0,0.03354275471250856,798.05,60.0,0.0,19.43986050248946,154.18604002815337,93.16877413938539,0.0,71.47418579474544,0.0,386.52490778498196,60.0,0.0,266.7946746700282,7480.814402521582,14549.330696473724,550.4833839550096,683.7396157052535,4.3864911702939935e-13,unvalidated-engineering-priors,fixed independent scenario factor; no N cycle,2007-08-12,2007-09-25,2007-09-25,physiological_maturity,R6_physiological_maturity,2007-06-16,seed_layer_available_water,50.0
17,ag_095_040,fallow,2007,2007-10-06,2007-10-11,364789.7923446728,rain_95_available,0.75,1.254552017826427e-13,0.0,0.0,0.0,1.0,1.3,0.0,0.0,19.26629216510781,0.0,0.0,0.0,0.0,0.0,2.336893771566345,0.0,0.0,19.26629216510781,0.0,0.0,683.7396157052535,663.4364297685794,-1.3988810110276972e-14,unvalidated-engineering-priors,fixed independent scenario factor; no N cycle,,,,right_censored,BBCH89_full_ripeness,,,
17,ag_095_040,wheat,2008,2007-10-12,2008-06-10,364789.7923446728,rain_95_available,0.5,9.885425811262394e-13,4.490630090003833e-12,0.0,0.0,0.04267140235271844,360.51,150.0,0.0,247.59026861311943,261.8997088052326,53.601224591085,0.0,0.0,0.0,36.80366351137926,150.0,0.0,563.091202009437,9947.969760014974,22131.999587596038,663.4364297685794,574.0515642477585,4.615863247181551e-12,unvalidated-engineering-priors,fixed independent scenario factor; no N cycle,2008-04-18,2008-05-28,2008-05-28,full_ripeness,BBCH89_full_ripeness,2007-10-12,seed_layer_available_water,50.0
17,ag_095_040,fallow,2008,2008-06-11,2008-06-14,364789.7923446728,rain_95_available,0.5,1.2745360322696797e-13,0.0,0.0,0.0,1.0,1.3900000000000001,0.0,0.0,5.4115733778493365,0.0,0.0,0.0,0.0,0.0,0.17203265695225603,0.0,0.0,5.4115733778493365,0.0,0.0,574.0515642477585,569.8579582129569,4.0523140398818214e-14,unvalidated-engineering-priors,fixed independent scenario factor; no N cycle,,,,right_censored,BBCH89_full_ripeness,,,
17,ag_095_040,maize,2008,2008-06-15,2008-10-05,364789.7923446728,rain_95_available,0.5,1.1679546219056647e-12,1.8189894035458565e-12,0.0,0.0,0.03354275471250856,643.0600000000001,40.0,0.0,18.01747085675517,163.5491582572868,87.61943640616673,0.0,10.982431751646317,0.0,253.11400325478886,40.0,0.0,269.1860655202087,8127.286487713843,15132.283136677308,569.8579582129569,719.6354576863077,5.2713944320714745e-12,unvalidated-engineering-priors,fixed independent scenario factor; no N cycle,2008-08-10,2008-09-23,2008-09-23,physiological_maturity,R6_physiological_maturity,2008-06-16,seed_layer_available_water,50.0
17,ag_095_040,fallow,2008,2008-10-06,2008-10-11,364789.7923446728,rain_95_available,0.5,1.474376176702208e-13,0.0,0.0,0.0,1.0,0.060000000000000005,0.0,0.0,14.6328244,0.0,0.0,0.0,0.0,0.0,5.926479921709838,0.0,0.0,14.6328244,0.0,0.0,719.6354576863077,699.136153364598,-1.3722356584366935e-13,unvalidated-engineering-priors,fixed independent scenario factor; no N cycle,,,,right_censored,BBCH89_full_ripeness,,,
17,ag_095_040,wheat,2009,2008-10-12,2009-06-10,364789.7923446728,rain_95_available,0.5,6.52367049269742e-13,3.922195901395753e-12,0.0,0.0,0.04267140235271844,315.18,150.0,0.0,280.86192545758917,223.42929159202268,52.40485802457557,0.0,0.0,0.0,52.07311693355796,150.0,0.0,556.6960750741874,7977.870246080878,18407.957019762296,699.136153364598,555.5469613568507,1.9302892617645284e-12,unvalidated-engineering-priors,fixed independent scenario factor; no N cycle,2009-04-15,2009-05-24,2009-05-24,full_ripeness,BBCH89_full_ripeness,2008-10-12,seed_layer_available_water,50.0
17,ag_095_040,fallow,2009,2009-06-11,2009-06-14,364789.7923446728,rain_95_available,0.5,1.270095140171179e-13,0.0,0.0,0.0,1.0,1.01,0.0,0.0,9.668909306878223,0.0,0.0,0.0,0.0,0.0,0.04056251429970539,0.0,0.0,9.668909306878223,0.0,0.0,555.5469613568507,546.8474895356728,-3.397282455352979e-14,unvalidated-engineering-priors,fixed independent scenario factor; no N cycle,,,,right_censored,BBCH89_full_ripeness,,,
17,ag_095_040,maize,2009,2009-06-15,2009-10-05,364789.7923446728,rain_95_available,0.5,1.0622613899613498e-12,3.126388037344441e-12,0.0,0.0,0.03354275471250856,402.06,40.0,0.0,17.677886571453826,204.36217257174752,94.22188944665089,0.0,0.0,0.0,9.49776383850598,40.0,0.0,316.26194858985224,8445.077347921957,16894.809571153517,546.8474895356728,663.1477771073146,5.551115123125783e-16,unvalidated-engineering-priors,fixed independent scenario factor; no N cycle,2009-08-10,2009-09-26,2009-09-26,physiological_maturity,R6_physiological_maturity,2009-06-16,seed_layer_available_water,50.0
17,ag_095_040,fallow,2009,2009-10-06,2009-10-11,364789.7923446728,rain_95_available,0.5,1.0036416142611415e-13,0.0,0.0,0.0,1.0,2.82,0.0,0.0,15.738679999999997,0.0,0.0,0.0,0.0,0.0,0.9939982087566233,0.0,0.0,15.738679999999997,0.0,0.0,663.1477771073146,649.2350988985579,6.683542608243442e-14,unvalidated-engineering-priors,fixed independent scenario factor; no N cycle,,,,right_censored,BBCH89_full_ripeness,,,
17,ag_095_040,wheat,2010,2009-10-12,2010-06-10,364789.7923446728,rain_95_available,0.75,9.228173780684301e-13,3.637978807091713e-12,0.0,0.0,0.04267140235271844,403.63,225.0,0.0,278.4176313276356,219.59530172037802,66.20877321684783,0.0,0.0,0.0,43.17330617172004,225.0,0.0,564.2217062648615,8245.92430573517,19410.770240149945,649.2350988985579,670.4700864619753,1.127320459204384e-12,unvalidated-engineering-priors,fixed independent scenario factor; no N cycle,2010-04-28,2010-06-05,2010-06-05,full_ripeness,BBCH89_full_ripeness,2009-10-12,seed_layer_available_water,50.0
17,ag_095_040,fallow,2010,2010-06-11,2010-06-14,364789.7923446728,rain_95_available,0.75,1.1546319456101628e-13,0.0,0.0,0.0,1.0,0.0,0.0,0.0,19.792052938480637,0.0,0.0,0.0,0.0,0.0,1.0997237665834039,0.0,0.0,19.792052938480637,0.0,0.0,670.4700864619753,649.5783097569109,2.8954616482224083e-13,unvalidated-engineering-priors,fixed independent scenario factor; no N cycle,,,,right_censored,BBCH89_full_ripeness,,,
17,ag_095_040,maize,2010,2010-06-15,2010-10-05,364789.7923446728,rain_95_available,0.75,1.127986593019159e-12,2.8705926524708048e-12,0.0,0.0,0.03354275471250856,426.58,60.0,0.0,18.126985927365407,201.41763525137196,93.72687646696961,0.0,0.0,0.0,123.46605797004116,60.0,0.0,313.271497645707,7729.240673660503,15836.542899440086,649.5783097569109,699.4207541411612,1.6030510252562635e-12,unvalidated-engineering-priors,fixed independent scenario factor; no N cycle,2010-08-08,2010-09-20,2010-09-20,physiological_maturity,R6_physiological_maturity,2010-06-15,seed_layer_available_water,50.0
17,ag_095_040,fallow,2010,2010-10-06,2010-10-11,364789.7923446728,rain_95_available,0.75,1.5365486660812167e-13,0.0,0.0,0.0,1.0,0.39,0.0,0.0,21.069153509596994,0.0,0.0,0.0,0.0,0.0,3.5431581558370944,0.0,0.0,21.069153509596994,0.0,0.0,699.4207541411612,675.1984424757273,-2.5357493882438575e-13,unvalidated-engineering-priors,fixed independent scenario factor; no N cycle,,,,right_censored,BBCH89_full_ripeness,,,
17,ag_095_040,wheat,2011,2010-10-12,2011-06-10,364789.7923446728,rain_95_available,0.75,6.918909889463976e-13,6.110667527536862e-12,0.0,0.0,0.04267140235271844,140.95,225.0,0.0,206.34074450839265,302.78180299617713,32.00049843339703,0.0,0.0,0.0,38.91241009250322,225.0,0.0,541.1230459379668,8657.335888585632,20164.93760840514,675.1984424757273,461.1129864452552,2.1221913115709867e-12,unvalidated-engineering-priors,fixed independent scenario factor; no N cycle,2011-04-19,2011-05-29,2011-05-29,full_ripeness,BBCH89_full_ripeness,2010-10-12,seed_layer_available_water,50.0
17,ag_095_040,fallow,2011,2011-06-11,2011-06-14,364789.7923446728,rain_95_available,0.75,1.2534417948018017e-13,0.0,0.0,0.0,1.0,5.13,0.0,0.0,3.294316065835945,0.0,0.0,0.0,0.0,0.0,0.002415607204162927,0.0,0.0,3.294316065835945,0.0,0.0,461.1129864452552,462.94625477221496,1.5210055437364645e-13,unvalidated-engineering-priors,fixed independent scenario factor; no N cycle,,,,right_censored,BBCH89_full_ripeness,,,
17,ag_095_040,maize,2011,2011-06-15,2011-10-05,364789.7923446728,rain_95_available,0.75,9.698908343125368e-13,3.524291969370097e-12,0.0,0.0,0.03354275471250856,424.71,60.0,0.0,18.39200607045005,183.54926035018926,96.15091028631437,0.0,0.0,0.0,3.296166137163389,60.0,0.0,298.0921767069537,8082.294980656151,16027.755876620364,462.94625477221496,646.2679119280964,1.4986345497902676e-12,unvalidated-engineering-priors,fixed independent scenario factor; no N cycle,2011-08-11,2011-09-29,2011-09-29,physiological_maturity,R6_physiological_maturity,2011-06-16,seed_layer_available_water,50.0
17,ag_095_040,fallow,2011,2011-10-06,2011-10-11,364789.7923446728,rain_95_available,0.75,1.509903313490213e-13,0.0,0.0,0.0,1.0,4.08,0.0,0.0,20.76174209791975,0.0,0.0,0.0,0.0,0.0,0.5024417928583624,0.0,0.0,20.76174209791975,0.0,0.0,646.2679119280964,629.0837280373186,-2.8110846983508964e-13,unvalidated-engineering-priors,fixed independent scenario factor; no N cycle,,,,right_censored,BBCH89_full_ripeness,,,
17,ag_095_040,wheat,2012,2011-10-12,2012-06-10,364789.7923446728,rain_95_available,0.75,7.913669719528116e-13,3.794298208958935e-12,0.0,0.0,0.04267140235271844,245.16,225.0,0.0,276.2344975453878,227.5713845207626,31.087121071067653,0.0,0.0,0.0,31.137256674634088,225.0,0.0,534.8930031372181,7832.153997184619,17712.363660576135,629.0837280373186,533.2134682254676,-1.2179146580137967e-12,unvalidated-engineering-priors,fixed independent scenario factor; no N cycle,2012-04-23,2012-05-29,2012-05-29,full_ripeness,BBCH89_full_ripeness,2011-10-12,seed_layer_available_water,50.0
17,ag_095_040,fallow,2012,2012-06-11,2012-06-14,364789.7923446728,rain_95_available,0.75,1.0813572259849025e-13,0.0,0.0,0.0,1.0,0.08,0.0,0.0,4.1903821331597335,0.0,0.0,0.0,0.0,0.0,0.04251344096930453,0.0,0.0,4.1903821331597335,0.0,0.0,533.2134682254676,529.0605726513385,1.2256862191861728e-13,unvalidated-engineering-priors,fixed independent scenario factor; no N cycle,,,,right_censored,BBCH89_full_ripeness,,,
17,ag_095_040,maize,2012,2012-06-15,2012-10-05,364789.7923446728,rain_95_available,0.75,1.071143174158351e-12,2.3590018827235326e-12,0.0,0.0,0.03354275471250856,441.63,60.0,0.0,22.53001702485577,229.8965101731847,56.63476356909018,0.0,5.498710438132537,0.0,39.54240049255637,60.0,0.0,309.0612907671307,8184.0188696514515,15358.516656994398,529.0605726513385,676.5881709535093,9.554135260714247e-12,unvalidated-engineering-priors,fixed independent scenario factor; no N cycle,2012-08-10,2012-09-23,2012-09-23,physiological_maturity,R6_physiological_maturity,2012-06-16,seed_layer_available_water,50.0
17,ag_095_040,fallow,2012,2012-10-06,2012-10-11,364789.7923446728,rain_95_available,0.75,1.2434497875801753e-13,0.0,0.0,0.0,1.0,0.0,0.0,0.0,19.541254843451764,0.0,0.0,0.0,0.0,0.0,2.5098317048090517,0.0,0.0,19.541254843451764,0.0,0.0,676.5881709535093,654.5370844052487,-1.8829382497642655e-13,unvalidated-engineering-priors,fixed independent scenario factor; no N cycle,,,,right_censored,BBCH89_full_ripeness,,,
17,ag_095_040,wheat,2013,2012-10-12,2013-06-10,364789.7923446728,rain_95_available,0.75,8.189005029635155e-13,4.632738637155853e-12,0.0,0.0,0.04267140235271844,275.68,225.0,0.0,280.4497282458837,246.85851871417768,45.22746206550099,0.0,0.0,0.0,32.59540866218611,225.0,0.0,572.5357090255624,7775.538639395578,18198.667540438462,654.5370844052487,550.0859667174984,1.7782442185421132e-12,unvalidated-engineering-priors,fixed independent scenario factor; no N cycle,2013-04-21,2013-05-30,2013-05-30,full_ripeness,BBCH89_full_ripeness,2012-10-12,seed_layer_available_water,50.0
17,ag_095_040,fallow,2013,2013-06-11,2013-06-14,364789.7923446728,rain_95_available,0.75,1.2034817586936697e-13,0.0,0.0,0.0,1.0,0.0,0.0,0.0,8.262959940202155,0.0,0.0,0.0,0.0,0.0,0.028735579183131958,0.0,0.0,8.262959940202155,0.0,0.0,550.0859667174984,541.794271198113,8.504308368628699e-14,unvalidated-engineering-priors,fixed independent scenario factor; no N cycle,,,,right_censored,BBCH89_full_ripeness,,,
17,ag_095_040,maize,2013,2013-06-15,2013-10-05,364789.7923446728,rain_95_available,0.75,1.113775738303957e-12,4.774847184307873e-12,0.0,0.0,0.03354275471250856,361.33,60.0,0.0,20.45914945145695,292.79730364265026,70.63201184752246,0.0,0.0,0.0,5.4230751195151345,60.0,0.0,383.88846494162965,8858.844840437278,18679.712199980946,541.794271198113,573.8127311369656,2.691902256657386e-12,unvalidated-engineering-priors,fixed independent scenario factor; no N cycle,2013-08-10,2013-09-23,2013-09-23,physiological_maturity,R6_physiological_maturity,2013-06-16,seed_layer_available_water,50.0
17,ag_095_040,fallow,2013,2013-10-06,2013-10-11,364789.7923446728,rain_95_available,0.75,1.2168044349891716e-13,0.0,0.0,0.0,1.0,0.0,0.0,0.0,21.450475754814345,0.0,0.0,0.0,0.0,0.0,0.03245228047575956,0.0,0.0,21.450475754814345,0.0,0.0,573.8127311369656,552.3298031016756,-1.0436096431476471e-13,unvalidated-engineering-priors,fixed independent scenario factor; no N cycle,,,,right_censored,BBCH89_full_ripeness,,,
17,ag_095_040,wheat,2014,2013-10-12,2014-06-10,364789.7923446728,rain_95_available,0.75,6.563638521583925e-13,3.751665644813329e-12,0.0,0.0,0.04267140235271844,250.23,225.0,0.0,280.1213520373251,191.9611700628577,44.81377977767228,0.0,0.0,0.0,2.0586304758017344,225.0,0.0,516.8963018778551,7157.476700003317,15890.264329434976,552.3298031016756,508.6048707480215,-2.7282620607138597e-12,unvalidated-engineering-priors,fixed independent scenario factor; no N cycle,2014-04-12,2014-05-22,2014-05-22,full_ripeness,BBCH89_full_ripeness,2013-10-12,seed_layer_available_water,50.0
17,ag_095_040,fallow,2014,2014-06-11,2014-06-14,364789.7923446728,rain_95_available,0.75,7.893685705084863e-14,0.0,0.0,0.0,1.0,3.5100000000000002,0.0,0.0,3.5511856966278033,0.0,0.0,0.0,0.0,0.0,0.01294282708272182,0.0,0.0,3.5511856966278033,0.0,0.0,508.6048707480215,508.5507422243109,4.907185768843192e-14,unvalidated-engineering-priors,fixed independent scenario factor; no N cycle,,,,right_censored,BBCH89_full_ripeness,,,
17,ag_095_040,maize,2014,2014-06-15,2014-10-05,364789.7923446728,rain_95_available,0.75,1.0405010186786967e-12,3.979039320256561e-12,0.0,0.0,0.03354275471250856,413.08,60.0,0.0,16.475764714969007,196.79448778621736,90.86234506585996,0.0,0.0,0.0,1.219852053185764,60.0,0.0,304.13259756704633,7731.871119506996,16746.90394156759,508.5507422243109,676.2782926040771,1.6926460233435137e-12,unvalidated-engineering-priors,fixed independent scenario factor; no N cycle,2014-08-12,2014-09-28,2014-09-28,physiological_maturity,R6_physiological_maturity,2014-06-16,seed_layer_available_water,50.0
17,ag_095_040,fallow,2014,2014-10-06,2014-10-11,364789.7923446728,rain_95_available,0.75,1.5720758028692217e-13,0.0,0.0,0.0,1.0,0.0,0.0,0.0,19.7801378,0.0,0.0,0.0,0.0,0.0,0.9112554094265366,0.0,0.0,19.7801378,0.0,0.0,676.2782926040771,655.5868993946508,-2.0028423364237824e-13,unvalidated-engineering-priors,fixed independent scenario factor; no N cycle,,,,right_censored,BBCH89_full_ripeness,,,
17,ag_095_040,wheat,2015,2014-10-12,2015-06-10,364789.7923446728,rain_95_available,0.75,7.73159314348959e-13,3.922195901395753e-12,0.0,0.0,0.04267140235271844,392.52,225.0,0.0,311.64869508028136,194.4744178537888,58.55345974404655,0.0,4.63881767240639,0.0,77.32914028081112,225.0,0.0,564.6765726781167,7810.6747400006025,17701.660113323353,655.5868993946508,626.4623687633075,9.089951014118469e-12,unvalidated-engineering-priors,fixed independent scenario factor; no N cycle,2015-04-18,2015-05-25,2015-05-25,full_ripeness,BBCH89_full_ripeness,2014-10-12,seed_layer_available_water,50.0
17,ag_095_040,fallow,2015,2015-06-11,2015-06-14,364789.7923446728,rain_95_available,0.75,1.949551631241775e-13,0.0,0.0,0.0,1.0,0.0,0.0,0.0,6.6984699061684605,0.0,0.0,0.0,0.0,0.0,1.1976402052366741,0.0,0.0,6.6984699061684605,0.0,0.0,626.4623687633075,618.5662586519022,1.432187701766452e-13,unvalidated-engineering-priors,fixed independent scenario factor; no N cycle,,,,right_censored,BBCH89_full_ripeness,,,
17,ag_095_040,maize,2015,2015-06-15,2015-10-05,364789.7923446728,rain_95_available,0.75,9.841016890277388e-13,3.581135388230905e-12,0.0,0.0,0.03354275471250856,438.47,60.0,0.0,18.753597655561578,207.53150832238327,68.05213607739184,0.0,1.342905384118664,0.0,195.1198119289969,60.0,0.0,294.3372420553367,8781.50349081071,16461.043073993555,618.5662586519022,626.2362992834509,-9.35695965154082e-13,unvalidated-engineering-priors,fixed independent scenario factor; no N cycle,2015-08-12,2015-09-26,2015-09-26,physiological_maturity,R6_physiological_maturity,2015-06-16,seed_layer_available_water,50.0
17,ag_095_040,fallow,2015,2015-10-06,2015-10-11,364789.7923446728,rain_95_available,0.75,1.865174681370263e-13,0.0,0.0,0.0,1.0,4.79,0.0,0.0,17.87870031390232,0.0,0.0,0.0,0.0,0.0,0.3862366540150025,0.0,0.0,17.87870031390232,0.0,0.0,626.2362992834509,612.7613623155338,-2.495781359357352e-13,unvalidated-engineering-priors,fixed independent scenario factor; no N cycle,,,,right_censored,BBCH89_full_ripeness,,,
17,ag_095_040,wheat,2016,2015-10-12,2016-06-10,364789.7923446728,rain_95_available,0.75,1.0174083797664935e-12,3.524291969370097e-12,0.0,0.0,0.04267140235271844,433.62,225.0,0.0,359.26583068563554,189.20048883881785,49.34224857490218,0.0,0.0,0.0,22.61177434971754,225.0,0.0,597.8085680993555,7110.882310792522,16499.599152265546,612.7613623155338,650.9610198664633,-2.6003643682770416e-12,unvalidated-engineering-priors,fixed independent scenario factor; no N cycle,2016-04-14,2016-05-22,2016-05-22,full_ripeness,BBCH89_full_ripeness,2015-10-12,seed_layer_available_water,50.0
17,ag_095_040,fallow,2016,2016-06-11,2016-06-14,364789.7923446728,rain_95_available,0.75,2.779998453661392e-13,0.0,0.0,0.0,1.0,2.04,0.0,0.0,18.88789404946325,0.0,0.0,0.0,0.0,0.0,0.3470882646493023,0.0,0.0,18.88789404946325,0.0,0.0,650.9610198664633,633.7660375523507,6.972200594645983e-14,unvalidated-engineering-priors,fixed independent scenario factor; no N cycle,,,,right_censored,BBCH89_full_ripeness,,,
17,ag_095_040,maize,2016,2016-06-15,2016-10-05,364789.7923446728,rain_95_available,0.75,1.06403774680075e-12,4.433786671143025e-12,0.0,0.0,0.03354275471250856,432.84000000000003,60.0,0.0,18.201618927707493,245.21503223235152,73.4467768689098,0.0,37.27112089303985,0.0,135.04006241406736,60.0,0.0,336.8634280289688,9338.400751049801,17721.025103039523,633.7660375523507,617.4314262162768,-2.1359580770763387e-12,unvalidated-engineering-priors,fixed independent scenario factor; no N cycle,2016-08-09,2016-09-19,2016-09-19,physiological_maturity,R6_physiological_maturity,2016-06-15,seed_layer_available_water,50.0
17,ag_095_040,fallow,2016,2016-10-06,2016-10-11,364789.7923446728,rain_95_available,0.75,2.0583534876550402e-13,0.0,0.0,0.0,1.0,0.49,0.0,0.0,15.588812099999998,0.0,0.0,0.0,0.0,0.0,0.22932297143750352,0.0,0.0,15.588812099999998,0.0,0.0,617.4314262162768,602.1032911448389,4.39870362356487e-13,unvalidated-engineering-priors,fixed independent scenario factor; no N cycle,,,,right_censored,BBCH89_full_ripeness,,,
17,ag_095_040,wheat,2017,2016-10-12,2017-06-10,364789.7923446728,rain_95_available,0.75,9.423573033018329e-13,2.4442670110147446e-12,0.0,0.0,0.04267140235271844,494.05,225.0,0.0,343.42310070916926,180.7930830992791,43.02102920349864,0.0,3.6945997582884065,0.0,71.4827643192736,225.0,0.0,567.237213011947,6841.878511372875,15510.587631881373,602.1032911448389,678.7387140553265,3.411049220858331e-12,unvalidated-engineering-priors,fixed independent scenario factor; no N cycle,2017-04-14,2017-05-23,2017-05-23,full_ripeness,BBCH89_full_ripeness,2016-10-12,seed_layer_available_water,50.0
17,ag_095_040,fallow,2017,2017-06-11,2017-06-14,364789.7923446728,rain_95_available,0.75,3.0020430585864233e-13,0.0,0.0,0.0,1.0,0.87,0.0,0.0,18.736082499999995,0.0,0.0,0.0,0.0,0.0,0.40215696093625153,0.0,0.0,18.736082499999995,0.0,0.0,678.7387140553265,660.4704745943902,-1.9095836023552692e-14,unvalidated-engineering-priors,fixed independent scenario factor; no N cycle,,,,right_censored,BBCH89_full_ripeness,,,
17,ag_095_040,maize,2017,2017-06-15,2017-10-05,364789.7923446728,rain_95_available,0.75,1.0698109065288008e-12,4.320099833421409e-12,0.0,0.0,0.03354275471250856,565.49,60.0,0.0,16.192323281666553,218.94738400191025,86.531234424374,0.0,0.0,0.0,161.02568691047438,60.0,0.0,321.6709417079508,8414.715303520752,17436.59674880273,660.4704745943902,803.2638459759687,-3.688382932409695e-12,unvalidated-engineering-priors,fixed independent scenario factor; no N cycle,2017-08-08,2017-09-21,2017-09-21,physiological_maturity,R6_physiological_maturity,2017-06-15,seed_layer_available_water,50.0
17,ag_095_040,fallow,2017,2017-10-06,2017-10-11,364789.7923446728,rain_95_available,0.75,1.3855583347321954e-13,0.0,0.0,0.0,1.0,37.93,0.0,0.0,10.417841499999998,0.0,0.0,0.0,0.0,0.0,35.95727622962698,0.0,0.0,10.417841499999998,0.0,0.0,803.2638459759687,794.818728246342,-2.1405099914773018e-13,unvalidated-engineering-priors,fixed independent scenario factor; no N cycle,,,,right_censored,BBCH89_full_ripeness,,,
17,ag_095_040,wheat,2018,2017-10-12,2018-06-10,364789.7923446728,rain_95_available,0.5,9.308109838457312e-13,4.206412995699793e-12,0.0,0.0,0.04267140235271844,338.77,150.0,0.0,269.5196866200678,236.72173115948982,59.025740831595584,0.0,0.0,0.0,159.4588652571741,150.0,0.0,565.2671586111531,8248.82894907499,19406.64067962893,794.818728246342,558.8627043780199,-5.21027665456586e-12,unvalidated-engineering-priors,fixed independent scenario factor; no N cycle,2018-04-15,2018-05-24,2018-05-24,full_ripeness,BBCH89_full_ripeness,2017-10-12,seed_layer_available_water,50.0
17,ag_095_040,fallow,2018,2018-06-11,2018-06-14,364789.7923446728,rain_95_available,0.5,1.474376176702208e-13,0.0,0.0,0.0,1.0,0.0,0.0,0.0,5.97480581373231,0.0,0.0,0.0,0.0,0.0,0.0664210389886044,0.0,0.0,5.97480581373231,0.0,0.0,558.8627043780199,552.8214775252986,3.377298440909726e-13,unvalidated-engineering-priors,fixed independent scenario factor; no N cycle,,,,right_censored,BBCH89_full_ripeness,,,
17,ag_095_040,maize,2018,2018-06-15,2018-10-05,364789.7923446728,rain_95_available,0.5,1.213251721310371e-12,4.376943252282217e-12,0.0,0.0,0.03354275471250856,488.58,40.0,0.0,18.77789040692995,245.42882621078311,64.91482168071708,0.0,31.40872854535129,0.0,75.62610559784234,40.0,0.0,329.12153829843015,7735.614399439389,16122.237700425747,552.8214775252986,645.2451050836703,4.5335402099055955e-12,unvalidated-engineering-priors,fixed independent scenario factor; no N cycle,2018-08-09,2018-09-21,2018-09-21,physiological_maturity,R6_physiological_maturity,2018-06-16,seed_layer_available_water,50.0
17,ag_095_040,fallow,2018,2018-10-06,2018-10-11,364789.7923446728,rain_95_available,0.5,3.774758283725532e-13,0.0,0.0,0.0,1.0,0.04,0.0,0.0,18.69278797606735,0.0,0.0,0.0,0.0,0.0,0.9123804368788102,0.0,0.0,18.69278797606735,0.0,0.0,645.2451050836703,625.6799366707237,4.4231285301066237e-13,unvalidated-engineering-priors,fixed independent scenario factor; no N cycle,,,,right_censored,BBCH89_full_ripeness,,,
17,ag_095_040,wheat,2019,2018-10-12,2019-06-10,364789.7923446728,rain_95_available,0.75,9.992007221626409e-13,4.831690603168681e-12,0.0,0.0,0.04267140235271844,251.12,225.0,0.0,273.526834129101,237.99749479759376,46.696338794505714,0.0,0.0,0.0,20.31840438564269,225.0,0.0,558.2206677212005,8583.874528449734,19602.709781892365,625.6799366707237,523.260864563876,4.492017868784615e-12,unvalidated-engineering-priors,fixed independent scenario factor; no N cycle,2019-04-17,2019-05-28,2019-05-28,full_ripeness,BBCH89_full_ripeness,2018-10-12,seed_layer_available_water,50.0
17,ag_095_040,fallow,2019,2019-06-11,2019-06-14,364789.7923446728,rain_95_available,0.75,9.547918011776346e-14,0.0,0.0,0.0,1.0,0.13999999999999999,0.0,0.0,8.13971799295146,0.0,0.0,0.0,0.0,0.0,0.015440492108912254,0.0,0.0,8.13971799295146,0.0,0.0,523.260864563876,515.2457060788156,2.398081733190338e-14,unvalidated-engineering-priors,fixed independent scenario factor; no N cycle,,,,right_censored,BBCH89_full_ripeness,,,
17,ag_095_040,maize,2019,2019-06-15,2019-10-05,364789.7923446728,rain_95_available,0.75,8.979483823168266e-13,3.154809746774845e-12,0.0,0.0,0.03354275471250856,226.68,60.0,0.0,18.17491362082173,263.67147927158163,70.0094102782376,0.0,0.0,0.0,1.4715386441222529,60.0,0.0,351.85580317064097,8527.88564412881,17673.46021049594,515.2457060788156,448.59836426405684,-4.470757097863043e-12,unvalidated-engineering-priors,fixed independent scenario factor; no N cycle,2019-08-10,2019-09-21,2019-09-21,physiological_maturity,R6_physiological_maturity,2019-06-16,seed_layer_available_water,50.0
17,ag_095_040,fallow,2019,2019-10-06,2019-10-11,364789.7923446728,rain_95_available,0.75,1.0125233984581428e-13,0.0,0.0,0.0,1.0,23.21,0.0,0.0,11.0199039,0.0,0.0,0.0,0.0,0.0,0.0012301124819838112,0.0,0.0,11.0199039,0.0,0.0,448.59836426405684,460.78723025157484,1.5432100042289676e-14,unvalidated-engineering-priors,fixed independent scenario factor; no N cycle,,,,right_censored,BBCH89_full_ripeness,,,
17,ag_095_040,wheat,2020,2019-10-12,2020-06-10,364789.7923446728,rain_95_available,0.75,2.6068036618198676e-13,3.865352482534945e-12,0.0,0.0,0.04267140235271844,218.45,225.0,0.0,247.29492126533185,194.33664081468396,37.735686008841256,0.0,0.0,0.0,0.06438887727923717,225.0,0.0,479.367248088857,6335.9814992509155,14839.95947970204,460.78723025157484,424.80559328543944,-8.933964679158635e-13,unvalidated-engineering-priors,fixed independent scenario factor; no N cycle,2020-04-11,2020-05-23,2020-05-23,full_ripeness,BBCH89_full_ripeness,2019-10-12,seed_layer_available_water,50.0
17,ag_095_040,fallow,2020,2020-06-11,2020-06-14,364789.7923446728,rain_95_available,0.75,1.0524914273446484e-13,0.0,0.0,0.0,1.0,22.19,0.0,0.0,13.478049790780046,0.0,0.0,0.0,0.0,0.0,0.00024882933609494647,0.0,0.0,13.478049790780046,0.0,0.0,424.80559328543944,433.5172946653233,2.4424906541753444e-14,unvalidated-engineering-priors,fixed independent scenario factor; no N cycle,,,,right_censored,BBCH89_full_ripeness,,,
17,ag_095_040,maize,2020,2020-06-15,2020-10-05,364789.7923446728,rain_95_available,0.75,1.1404210908949608e-12,2.8421709430404007e-12,0.0,0.0,0.03354275471250856,710.41,60.0,0.0,17.913126578267804,183.02034231508452,69.41791578266671,0.0,85.62057202235323,0.0,160.62891420243642,60.0,0.0,270.351384676019,7533.874747448543,14683.416513397864,433.5172946653233,687.3264237645145,9.670042544485113e-14,unvalidated-engineering-priors,fixed independent scenario factor; no N cycle,2020-08-11,2020-09-23,2020-09-23,physiological_maturity,R6_physiological_maturity,2020-06-15,seed_layer_available_water,50.0
17,ag_095_040,fallow,2020,2020-10-06,2020-10-11,364789.7923446728,rain_95_available,0.75,2.509104035652854e-13,0.0,0.0,0.0,1.0,1.6,0.0,0.0,12.611518100000001,0.0,0.0,0.0,0.0,0.0,1.4801033172127718,0.0,0.0,12.611518100000001,0.0,0.0,687.3264237645145,674.8348023473018,-3.3306690738754696e-14,unvalidated-engineering-priors,fixed independent scenario factor; no N cycle,,,,right_censored,BBCH89_full_ripeness,,,
17,ag_095_040,wheat,2021,2020-10-12,2021-06-10,364789.7923446728,rain_95_available,0.75,1.098676705169055e-12,4.703792910731863e-12,0.0,0.0,0.04267140235271844,325.91,225.0,0.0,256.12131017472495,197.61051717193052,61.67922240929999,0.0,1.9259185995387273,0.0,72.73898936536611,225.0,0.0,515.4110497559554,7512.974554010416,17708.18102625419,674.8348023473018,635.6688446264486,-7.142064717413632e-12,unvalidated-engineering-priors,fixed independent scenario factor; no N cycle,2021-04-12,2021-05-22,2021-05-22,full_ripeness,BBCH89_full_ripeness,2020-10-12,seed_layer_available_water,50.0
17,ag_095_040,fallow,2021,2021-06-11,2021-06-14,364789.7923446728,rain_95_available,0.75,2.1316282072803006e-13,0.0,0.0,0.0,1.0,57.46,0.0,0.0,8.966970017707126,0.0,0.0,0.0,0.0,0.0,1.9878970845701565,0.0,0.0,8.966970017707126,0.0,0.0,635.6688446264486,682.1739775241712,1.6786572132332367e-13,unvalidated-engineering-priors,fixed independent scenario factor; no N cycle,,,,right_censored,BBCH89_full_ripeness,,,
17,ag_095_040,maize,2021,2021-06-15,2021-10-05,364789.7923446728,rain_95_available,0.75,8.859579736508749e-13,1.6200374375330284e-12,0.0,0.0,0.03354275471250856,643.62,60.0,0.0,17.850330547157245,168.344426597146,83.83998256301614,0.0,16.533559827237887,0.0,392.6284537651481,60.0,0.0,270.0347397073194,7025.778958183277,13927.456785071445,682.1739775241712,706.5972242244659,-1.0880185641326534e-13,unvalidated-engineering-priors,fixed independent scenario factor; no N cycle,2021-08-09,2021-09-21,2021-09-21,physiological_maturity,R6_physiological_maturity,2021-06-15,seed_layer_available_water,50.0
17,ag_095_040,fallow,2021,2021-10-06,2021-10-11,364789.7923446728,rain_95_available,0.75,1.4210854715202004e-13,0.0,0.0,0.0,1.0,7.78,0.0,0.0,10.3797924,0.0,0.0,0.0,0.0,0.0,3.861531000245669,0.0,0.0,10.3797924,0.0,0.0,706.5972242244659,700.1359008242202,-2.19824158875781e-14,unvalidated-engineering-priors,fixed independent scenario factor; no N cycle,,,,right_censored,BBCH89_full_ripeness,,,
17,ag_095_040,wheat,2022,2021-10-12,2022-06-10,364789.7923446728,rain_95_available,0.5,9.312550730555813e-13,5.4001247917767614e-12,0.0,0.0,0.04267140235271844,317.33,150.0,0.0,248.36444149151376,241.2516349096303,56.29085232995039,0.0,6.166143707572113,0.0,54.994449230489664,150.0,0.0,545.9069287310945,8594.437997148405,19978.179329294944,700.1359008242202,560.3983791550667,-2.6388335960803033e-12,unvalidated-engineering-priors,fixed independent scenario factor; no N cycle,2022-04-10,2022-05-21,2022-05-21,full_ripeness,BBCH89_full_ripeness,2021-10-12,seed_layer_available_water,50.0
17,ag_095_040,fallow,2022,2022-06-11,2022-06-14,364789.7923446728,rain_95_available,0.5,1.3866685577568205e-13,0.0,0.0,0.0,1.0,1.1400000000000001,0.0,0.0,4.480364260170161,0.0,0.0,0.0,0.0,0.0,0.14348656883210809,0.0,0.0,4.480364260170161,0.0,0.0,560.3983791550667,556.9145283260642,1.800781745942004e-13,unvalidated-engineering-priors,fixed independent scenario factor; no N cycle,,,,right_censored,BBCH89_full_ripeness,,,
17,ag_095_040,maize,2022,2022-06-15,2022-10-05,364789.7923446728,rain_95_available,0.5,1.1008971512183052e-12,3.467448550509289e-12,0.0,0.0,0.03354275471250856,418.95,40.0,0.0,21.988770035802144,273.1324336068158,64.95911601851088,0.0,0.0,0.0,32.187883700781796,40.0,0.0,360.0803196611289,8977.312512558889,17931.544143720217,556.9145283260642,623.5963249641488,4.7156722970953524e-12,unvalidated-engineering-priors,fixed independent scenario factor; no N cycle,2022-08-11,2022-09-24,2022-09-24,physiological_maturity,R6_physiological_maturity,2022-06-16,seed_layer_available_water,50.0
17,ag_095_040,fallow,2022,2022-10-06,2022-10-11,364789.7923446728,rain_95_available,0.5,2.2115642650533118e-13,0.0,0.0,0.0,1.0,15.42,0.0,0.0,14.787462699999997,0.0,0.0,0.0,0.0,0.0,0.09515386134470304,0.0,0.0,14.787462699999997,0.0,0.0,623.5963249641488,624.1337084028042,-1.0969003483296547e-13,unvalidated-engineering-priors,fixed independent scenario factor; no N cycle,,,,right_censored,BBCH89_full_ripeness,,,
17,ag_095_040,wheat,2023,2022-10-12,2023-06-10,364789.7923446728,rain_95_available,0.75,8.499867476530198e-13,3.581135388230905e-12,0.0,0.0,0.04267140235271844,321.73,225.0,0.0,309.3673528784775,223.9356986606069,41.73241897653394,0.0,0.0,0.0,13.137777329404146,225.0,0.0,575.0354705156184,7371.322389705034,17174.531840229836,624.1337084028042,582.6904605577795,2.2303825453207082e-12,unvalidated-engineering-priors,fixed independent scenario factor; no N cycle,2023-04-13,2023-05-24,2023-05-24,full_ripeness,BBCH89_full_ripeness,2022-10-12,seed_layer_available_water,50.0
17,ag_095_040,fallow,2023,2023-06-11,2023-06-14,364789.7923446728,rain_95_available,0.75,1.9761969838327786e-13,0.0,0.0,0.0,1.0,5.48,0.0,0.0,11.398631625981423,0.0,0.0,0.0,0.0,0.0,0.10101878625252697,0.0,0.0,11.398631625981423,0.0,0.0,582.6904605577795,576.6708101455456,-6.372680161348399e-14,unvalidated-engineering-priors,fixed independent scenario factor; no N cycle,,,,right_censored,BBCH89_full_ripeness,,,
17,ag_095_040,maize,2023,2023-06-15,2023-10-05,364789.7923446728,rain_95_available,0.75,1.1546319456101628e-12,3.637978807091713e-12,0.0,0.0,0.03354275471250856,579.49,60.0,0.0,17.83939495854665,221.65683283427504,92.49617848683494,0.0,5.424828989539817,0.0,111.71970540177712,60.0,0.0,331.9924062796566,8665.111286307074,17656.15996653778,576.6708101455456,767.0238694745775,-5.472344799528628e-12,unvalidated-engineering-priors,fixed independent scenario factor; no N cycle,2023-08-09,2023-09-20,2023-09-20,physiological_maturity,R6_physiological_maturity,2023-06-16,seed_layer_available_water,50.0
17,ag_095_040,fallow,2023,2023-10-06,2023-10-11,364789.7923446728,rain_95_available,0.75,1.8385293287792592e-13,0.0,0.0,0.0,1.0,3.02,0.0,0.0,14.474356899999998,0.0,0.0,0.0,0.0,0.0,16.718950127573443,0.0,0.0,14.474356899999998,0.0,0.0,767.0238694745775,738.8505624470039,1.8829382497642655e-13,unvalidated-engineering-priors,fixed independent scenario factor; no N cycle,,,,right_censored,BBCH89_full_ripeness,,,
17,ag_095_040,wheat,2024,2023-10-12,2024-06-10,364789.7923446728,rain_95_available,0.5,8.37108160567368e-13,4.433786671143025e-12,0.0,0.0,0.04267140235271844,280.51,150.0,0.0,273.1128026205214,250.51273575169463,53.2229462078213,0.0,0.0,0.0,77.04824398042605,150.0,0.0,576.8484845800374,9227.663969416,20439.931243094987,738.8505624470039,515.4638338865411,-6.684652831268068e-13,unvalidated-engineering-priors,fixed independent scenario factor; no N cycle,2024-04-15,2024-05-25,2024-05-25,full_ripeness,BBCH89_full_ripeness,2023-10-12,seed_layer_available_water,50.0
17,ag_095_040,fallow,2024,2024-06-11,2024-06-14,364789.7923446728,rain_95_available,0.5,2.341460358934455e-13,0.0,0.0,0.0,1.0,0.32,0.0,0.0,3.091060812604142,0.0,0.0,0.0,0.0,0.0,0.030117238218734264,0.0,0.0,3.091060812604142,0.0,0.0,515.4638338865411,512.6626558357185,-2.6240121187015575e-13,unvalidated-engineering-priors,fixed independent scenario factor; no N cycle,,,,right_censored,BBCH89_full_ripeness,,,
17,ag_095_040,maize,2024,2024-06-15,2024-10-05,364789.7923446728,rain_95_available,0.5,1.0875744749228033e-12,2.4442670110147446e-12,0.0,0.0,0.03354275471250856,578.96,40.0,0.0,21.560535534478134,193.1502203384425,93.47483374879232,0.0,7.222432290105415,0.0,193.2117873608809,40.0,0.0,308.18558962171295,7329.645917868909,14705.467727487743,512.6626558357185,623.0028465630146,4.6413983767479294e-12,unvalidated-engineering-priors,fixed independent scenario factor; no N cycle,2024-08-09,2024-09-19,2024-09-19,physiological_maturity,R6_physiological_maturity,2024-06-16,seed_layer_available_water,50.0
17,ag_095_040,fallow,2024,2024-10-06,2024-10-11,364789.7923446728,rain_95_available,0.5,2.2803980925800715e-13,0.0,0.0,0.0,1.0,2.82,0.0,0.0,15.434337450841015,0.0,0.0,0.0,0.0,0.0,0.44448464306730995,0.0,0.0,15.434337450841015,0.0,0.0,623.0028465630146,609.9440244691067,-4.18554080283684e-13,unvalidated-engineering-priors,fixed independent scenario factor; no N cycle,,,,right_censored,BBCH89_full_ripeness,,,
17,ag_095_040,wheat,2025,2024-10-12,2025-06-10,364789.7923446728,rain_95_available,0.5,3.4017233474514796e-13,6.0822458181064576e-12,0.0,0.0,0.04267140235271844,297.21,150.0,0.0,282.37936520862667,294.03172321108445,37.05287775731529,0.0,0.0,0.0,12.12293448711464,150.0,0.0,613.4639661770264,8718.804342762938,19754.88242798507,609.9440244691067,431.56712380496555,1.1324274851176597e-13,unvalidated-engineering-priors,fixed independent scenario factor; no N cycle,2025-04-11,2025-05-22,2025-05-22,full_ripeness,BBCH89_full_ripeness,2024-10-12,seed_layer_available_water,50.0
17,ag_095_040,fallow,2025,2025-06-11,2025-06-14,364789.7923446728,rain_95_available,0.5,6.306066779870889e-14,0.0,0.0,0.0,1.0,10.139999999999999,0.0,0.0,5.722457941391052,0.0,0.0,0.0,0.0,0.0,0.0013656026339545686,0.0,0.0,5.722457941391052,0.0,0.0,431.56712380496555,435.98330026094044,1.0147438445073931e-13,unvalidated-engineering-priors,fixed independent scenario factor; no N cycle,,,,right_censored,BBCH89_full_ripeness,,,
17,ag_095_040,maize,2025,2025-06-15,2025-10-05,364789.7923446728,rain_95_available,0.5,4.920508445138694e-13,3.637978807091713e-12,0.0,0.0,0.03354275471250856,637.58,40.0,0.0,18.105280528841092,173.74656259695308,113.39060285716172,0.0,0.0,0.0,21.70361113669454,40.0,0.0,305.2424459829559,7453.47630605058,16581.08746844872,435.98330026094044,786.6172431412914,-1.3958834088612093e-12,unvalidated-engineering-priors,fixed independent scenario factor; no N cycle,2025-08-11,2025-09-24,2025-09-24,physiological_maturity,R6_physiological_maturity,2025-06-15,seed_layer_available_water,50.0
17,ag_095_040,fallow,1996,1996-01-01,1996-10-11,364789.7923446728,rain_98_available,1.0,2.984279490192421e-13,0.0,0.0,0.0,1.0,974.85,0.0,0.0,707.9558673549423,0.0,0.0,0.0,1.2227744113754788,0.0,157.09980383085534,0.0,0.0,707.9558673549423,0.0,0.0,573.7456994339389,682.3172538367659,-9.54236689665322e-14,unvalidated-engineering-priors,fixed independent scenario factor; no N cycle,,,,right_censored,BBCH89_full_ripeness,,,
17,ag_095_040,wheat,1997,1996-10-12,1997-06-10,364789.7923446728,rain_98_available,1.0,9.938716516444401e-13,4.234834705130197e-12,0.0,0.0,0.04267140235271844,522.08,300.0,0.0,321.8742671864218,190.18548816271567,48.42348470232227,0.0,43.37055241018021,0.0,243.22187198495024,300.0,0.0,560.4832400514597,7469.153887333927,17111.737880168515,682.3172538367659,657.3215893901737,1.9819701435608295e-12,unvalidated-engineering-priors,fixed independent scenario factor; no N cycle,1997-04-20,1997-05-29,1997-05-29,full_ripeness,BBCH89_full_ripeness,1996-10-12,seed_layer_available_water,50.0
17,ag_095_040,fallow,1997,1997-06-11,1997-06-14,364789.7923446728,rain_98_available,1.0,1.1457501614131615e-13,0.0,0.0,0.0,1.0,0.060000000000000005,0.0,0.0,11.85343237056242,0.0,0.0,0.0,0.0,0.0,2.1153781087475676,0.0,0.0,11.85343237056242,0.0,0.0,657.3215893901737,643.4127789108638,-1.2301271112846734e-13,unvalidated-engineering-priors,fixed independent scenario factor; no N cycle,,,,right_censored,BBCH89_full_ripeness,,,
17,ag_095_040,maize,1997,1997-06-15,1997-10-05,364789.7923446728,rain_98_available,1.0,9.183764859699295e-13,4.916955731459893e-12,0.0,0.0,0.03354275471250856,370.71,80.0,0.0,18.912906896204785,269.2691596744207,71.45387518546947,0.0,10.135326790406868,0.0,163.7253006224479,80.0,0.0,359.63594175609495,9956.256844314503,19027.97233838087,643.4127789108638,560.6262097419147,-6.090683513093609e-13,unvalidated-engineering-priors,fixed independent scenario factor; no N cycle,1997-08-10,1997-09-24,1997-09-24,physiological_maturity,R6_physiological_maturity,1997-06-16,seed_layer_available_water,50.0
17,ag_095_040,fallow,1997,1997-10-06,1997-10-11,364789.7923446728,rain_98_available,1.0,1.8429702208777599e-13,0.0,0.0,0.0,1.0,0.21,0.0,0.0,15.777071708687393,0.0,0.0,0.0,0.0,0.0,0.08821574286296398,0.0,0.0,15.777071708687393,0.0,0.0,560.6262097419147,544.9709222903641,2.7844393457598926e-13,unvalidated-engineering-priors,fixed independent scenario factor; no N cycle,,,,right_censored,BBCH89_full_ripeness,,,
17,ag_095_040,wheat,1998,1997-10-12,1998-06-10,364789.7923446728,rain_98_available,1.0,1.0205170042354439e-12,4.234834705130197e-12,0.0,0.0,0.04267140235271844,693.37,300.0,0.0,323.1109910639418,167.36021074321602,72.72854487805033,0.0,87.91660160502151,0.0,185.10459792253633,300.0,0.0,563.1997466852082,6931.179281284214,16403.13829448631,544.9709222903641,702.1199760775963,1.7795764861716634e-12,unvalidated-engineering-priors,fixed independent scenario factor; no N cycle,1998-04-21,1998-05-31,1998-05-31,full_ripeness,BBCH89_full_ripeness,1997-10-13,seed_layer_available_water,50.0
17,ag_095_040,fallow,1998,1998-06-11,1998-06-14,364789.7923446728,rain_98_available,1.0,8.704148513061227e-14,0.0,0.0,0.0,1.0,10.32,0.0,0.0,14.694971475746188,0.0,0.0,0.0,0.0,0.0,6.446091400623624,0.0,0.0,14.694971475746188,0.0,0.0,702.1199760775963,691.2989132012265,5.240252676230739e-14,unvalidated-engineering-priors,fixed independent scenario factor; no N cycle,,,,right_censored,BBCH89_full_ripeness,,,
17,ag_095_040,maize,1998,1998-06-15,1998-10-05,364789.7923446728,rain_98_available,1.0,9.960920976936904e-13,2.3874235921539366e-12,0.0,0.0,0.03354275471250856,723.7,80.0,0.0,19.567320237013732,193.84231530892154,98.56468793028007,0.0,45.103178282062416,0.0,489.5882825862255,80.0,0.0,311.9743234762154,8076.701199949428,15328.642088745433,691.2989132012265,648.3331288567238,-5.682121440031551e-13,unvalidated-engineering-priors,fixed independent scenario factor; no N cycle,1998-08-08,1998-09-18,1998-09-18,physiological_maturity,R6_physiological_maturity,1998-06-15,seed_layer_available_water,50.0
17,ag_095_040,fallow,1998,1998-10-06,1998-10-11,364789.7923446728,rain_98_available,1.0,1.8252066524837574e-13,0.0,0.0,0.0,1.0,0.9199999999999999,0.0,0.0,15.459641087604938,0.0,0.0,0.0,0.0,0.0,1.2513578753234227,0.0,0.0,15.459641087604938,0.0,0.0,648.3331288567238,632.542129893795,3.5016434196677437e-13,unvalidated-engineering-priors,fixed independent scenario factor; no N cycle,,,,right_censored,BBCH89_full_ripeness,,,
17,ag_095_040,wheat,1999,1998-10-12,1999-06-10,364789.7923446728,rain_98_available,1.0,9.370282327836321e-13,2.7284841053187847e-12,0.0,0.0,0.04267140235271844,330.79,300.0,0.0,261.281411830648,197.5847586758506,60.98622009377718,0.0,38.90265721249364,0.0,54.929822526976665,300.0,0.0,519.8523906002757,7211.172088797423,17050.726551389667,632.542129893795,649.6472595540507,-1.7165158183729545e-12,unvalidated-engineering-priors,fixed independent scenario factor; no N cycle,1999-04-15,1999-05-23,1999-05-23,full_ripeness,BBCH89_full_ripeness,1998-10-12,seed_layer_available_water,50.0
17,ag_095_040,fallow,1999,1999-06-11,1999-06-14,364789.7923446728,rain_98_available,1.0,1.5365486660812167e-13,0.0,0.0,0.0,1.0,0.52,0.0,0.0,5.999902967411643,0.0,0.0,0.0,0.0,0.0,2.3225689124482742,0.0,0.0,5.999902967411643,0.0,0.0,649.6472595540507,641.844787674191,-2.2248869413488137e-13,unvalidated-engineering-priors,fixed independent scenario factor; no N cycle,,,,right_censored,BBCH89_full_ripeness,,,
17,ag_095_040,maize,1999,1999-06-15,1999-10-05,364789.7923446728,rain_98_available,1.0,1.021405182655144e-12,3.097966327914037e-12,0.0,0.0,0.03354275471250856,362.04,80.0,0.0,19.179952324125306,237.563191367716,73.59673949743576,0.0,0.0,0.0,125.06240694040125,80.0,0.0,330.3398831892771,8370.221560742533,16896.443028464586,641.844787674191,628.4824975445141,-1.4008794124720225e-12,unvalidated-engineering-priors,fixed independent scenario factor; no N cycle,1999-08-11,1999-09-24,1999-09-24,physiological_maturity,R6_physiological_maturity,1999-06-16,seed_layer_available_water,50.0
17,ag_095_040,fallow,1999,1999-10-06,1999-10-11,364789.7923446728,rain_98_available,1.0,1.7852386235972517e-13,0.0,0.0,0.0,1.0,9.92,0.0,0.0,13.283262900000002,0.0,0.0,0.0,0.0,0.0,0.10604891538359372,0.0,0.0,13.283262900000002,0.0,0.0,628.4824975445141,625.0131857291304,6.661338147750939e-14,unvalidated-engineering-priors,fixed independent scenario factor; no N cycle,,,,right_censored,BBCH89_full_ripeness,,,
17,ag_095_040,wheat,2000,1999-10-12,2000-06-10,364789.7923446728,rain_98_available,1.0,7.389644451905042e-13,4.490630090003833e-12,0.0,0.0,0.04267140235271844,425.87,300.0,0.0,307.6254207092124,282.5169107666685,47.49439980976166,0.0,20.68222323795353,0.0,54.903729976313876,300.0,0.0,637.6367312856426,9543.354904286889,21301.917798249553,625.0131857291304,637.6605012292173,3.1805669209461485e-12,unvalidated-engineering-priors,fixed independent scenario factor; no N cycle,2000-04-17,2000-05-25,2000-05-25,full_ripeness,BBCH89_full_ripeness,1999-10-12,seed_layer_available_water,50.0
17,ag_095_040,fallow,2000,2000-06-11,2000-06-14,364789.7923446728,rain_98_available,1.0,1.4477308241112041e-13,0.0,0.0,0.0,1.0,1.18,0.0,0.0,16.223611438651112,0.0,0.0,0.0,0.0,0.0,0.34695729935649494,0.0,0.0,16.223611438651112,0.0,0.0,637.6605012292173,622.2699324912096,7.949196856316121e-14,unvalidated-engineering-priors,fixed independent scenario factor; no N cycle,,,,right_censored,BBCH89_full_ripeness,,,
17,ag_095_040,maize,2000,2000-06-15,2000-10-05,364789.7923446728,rain_98_available,1.0,1.0484946244559978e-12,1.9326762412674725e-12,0.0,0.0,0.03354275471250856,815.64,80.0,0.0,22.208022448508192,117.96573835672402,85.92126598643884,0.0,5.627371244563733,0.0,513.4384315161622,80.0,0.0,226.09502679167105,6074.197253063933,11917.07544198741,622.2699324912096,772.7491029388086,4.082401083849163e-12,unvalidated-engineering-priors,fixed independent scenario factor; no N cycle,2000-08-09,2000-09-21,2000-09-21,physiological_maturity,R6_physiological_maturity,2000-06-16,seed_layer_available_water,50.0
17,ag_095_040,fallow,2000,2000-10-06,2000-10-11,364789.7923446728,rain_98_available,1.0,1.2612133559741778e-13,0.0,0.0,0.0,1.0,24.790000000000003,0.0,0.0,14.7318801,0.0,0.0,0.0,0.0,0.0,20.234977819839955,0.0,0.0,14.7318801,0.0,0.0,772.7491029388086,762.5722450189683,4.072298054325074e-13,unvalidated-engineering-priors,fixed independent scenario factor; no N cycle,,,,right_censored,BBCH89_full_ripeness,,,
17,ag_095_040,wheat,2001,2000-10-12,2001-06-10,364789.7923446728,rain_98_available,1.0,9.734435479913373e-13,4.227729277772596e-12,0.0,0.0,0.04267140235271844,375.02,300.0,0.0,325.1007084599211,203.1820671109622,44.951858623738524,0.0,35.23910886503512,0.0,198.3008847752576,300.0,0.0,573.2346341946218,7684.04831965813,17187.464521940623,762.5722450189683,630.8176171840563,-2.6026958366287545e-12,unvalidated-engineering-priors,fixed independent scenario factor; no N cycle,2001-04-17,2001-05-27,2001-05-27,full_ripeness,BBCH89_full_ripeness,2000-10-12,seed_layer_available_water,50.0
17,ag_095_040,fallow,2001,2001-06-11,2001-06-14,364789.7923446728,rain_98_available,1.0,1.0835776720341528e-13,0.0,0.0,0.0,1.0,4.16,0.0,0.0,17.745917540436523,0.0,0.0,0.0,0.0,0.0,0.5637593932536247,0.0,0.0,17.745917540436523,0.0,0.0,630.8176171840563,616.6679402503661,7.105427357601002e-14,unvalidated-engineering-priors,fixed independent scenario factor; no N cycle,,,,right_censored,BBCH89_full_ripeness,,,
17,ag_095_040,maize,2001,2001-06-15,2001-10-05,364789.7923446728,rain_98_available,1.0,9.36140054363932e-13,4.320099833421409e-12,0.0,0.0,0.03354275471250856,324.19,80.0,0.0,17.26016557344922,281.089405971089,82.44654043584798,0.0,0.0,0.0,86.96737329527578,80.0,0.0,380.7961119803862,10003.21217973193,19731.836401145854,616.6679402503661,553.0944549747139,-9.755751761986176e-12,unvalidated-engineering-priors,fixed independent scenario factor; no N cycle,2001-08-09,2001-09-21,2001-09-21,physiological_maturity,R6_physiological_maturity,2001-06-15,seed_layer_available_water,50.0
17,ag_095_040,fallow,2001,2001-10-06,2001-10-11,364789.7923446728,rain_98_available,1.0,7.860379014346108e-14,0.0,0.0,0.0,1.0,3.57,0.0,0.0,13.78717675714559,0.0,0.0,0.0,0.0,0.0,0.13205227633215402,0.0,0.0,13.78717675714559,0.0,0.0,553.0944549747139,542.745225941236,2.2382096176443156e-13,unvalidated-engineering-priors,fixed independent scenario factor; no N cycle,,,,right_censored,BBCH89_full_ripeness,,,
17,ag_095_040,wheat,2002,2001-10-12,2002-06-10,364789.7923446728,rain_98_available,1.0,8.775202786637237e-13,4.291678123991005e-12,0.0,0.0,0.04267140235271844,498.05,300.0,0.0,273.7167373597648,180.67991981706416,74.85906947132764,0.0,28.960280121910813,0.0,89.42549738575953,300.0,0.0,529.2557266481566,7194.345820822438,17630.643679452507,542.745225941236,693.1537217854133,-4.225397809420883e-12,unvalidated-engineering-priors,fixed independent scenario factor; no N cycle,2002-04-09,2002-05-23,2002-05-23,full_ripeness,BBCH89_full_ripeness,2001-10-13,seed_layer_available_water,50.0
17,ag_095_040,fallow,2002,2002-06-11,2002-06-14,364789.7923446728,rain_98_available,1.0,1.6697754290362354e-13,0.0,0.0,0.0,1.0,0.0,0.0,0.0,23.392381993236057,0.0,0.0,0.0,0.0,0.0,3.236204799370743,0.0,0.0,23.392381993236057,0.0,0.0,693.1537217854133,666.5251349928064,2.5757174171303632e-14,unvalidated-engineering-priors,fixed independent scenario factor; no N cycle,,,,right_censored,BBCH89_full_ripeness,,,
17,ag_095_040,maize,2002,2002-06-15,2002-10-05,364789.7923446728,rain_98_available,1.0,8.899547765395255e-13,3.353761712787673e-12,0.0,0.0,0.03354275471250856,506.13,80.0,0.0,18.835912255363986,215.16942500857516,80.3012294992024,0.0,77.37033684799238,0.0,216.37374181653797,80.0,0.0,314.3065667631416,9016.485663821155,17004.390113182475,666.5251349928064,644.6044895651387,-4.169553591282238e-12,unvalidated-engineering-priors,fixed independent scenario factor; no N cycle,2002-08-11,2002-09-26,2002-09-26,physiological_maturity,R6_physiological_maturity,2002-06-16,seed_layer_available_water,50.0
17,ag_095_040,fallow,2002,2002-10-06,2002-10-11,364789.7923446728,rain_98_available,1.0,1.6431300764452317e-13,0.0,0.0,0.0,1.0,0.02,0.0,0.0,20.203563176628215,0.0,0.0,0.0,0.0,0.0,0.6324708623061386,0.0,0.0,20.203563176628215,0.0,0.0,644.6044895651387,623.7884555262045,-1.8962609260597674e-13,unvalidated-engineering-priors,fixed independent scenario factor; no N cycle,,,,right_censored,BBCH89_full_ripeness,,,
17,ag_095_040,wheat,2003,2002-10-12,2003-06-10,364789.7923446728,rain_98_available,1.0,1.0516032489249483e-12,3.296918293926865e-12,0.0,0.0,0.04267140235271844,400.0,300.0,0.0,287.0359960720773,169.00121298338274,63.323495732828725,0.0,44.30538875380432,0.0,114.64450991047234,300.0,0.0,519.3607047882888,6835.903009877422,15804.274705871676,623.7884555262045,645.4778520736351,4.020117572167692e-12,unvalidated-engineering-priors,fixed independent scenario factor; no N cycle,2003-04-23,2003-05-31,2003-05-31,full_ripeness,BBCH89_full_ripeness,2002-10-12,seed_layer_available_water,50.0
17,ag_095_040,fallow,2003,2003-06-11,2003-06-14,364789.7923446728,rain_98_available,1.0,9.015010959956271e-14,0.0,0.0,0.0,1.0,1.95,0.0,0.0,7.867117726499314,0.0,0.0,0.0,0.0,0.0,2.3100698873772183,0.0,0.0,7.867117726499314,0.0,0.0,645.4778520736351,637.2506644597587,-1.6497914145929826e-13,unvalidated-engineering-priors,fixed independent scenario factor; no N cycle,,,,right_censored,BBCH89_full_ripeness,,,
17,ag_095_040,maize,2003,2003-06-15,2003-10-05,364789.7923446728,rain_98_available,1.0,9.610090501155355e-13,1.8758328224066645e-12,0.0,0.0,0.03354275471250856,950.01,80.0,0.0,19.648549386672197,105.39588275462442,92.02515915704964,0.0,38.66743642388842,0.0,640.2246751643894,80.0,0.0,217.06959129834627,6336.699263609976,11929.606138098861,637.2506644597587,771.2989615731374,-2.7594593277058266e-12,unvalidated-engineering-priors,fixed independent scenario factor; no N cycle,2003-08-13,2003-09-30,2003-09-30,physiological_maturity,R6_physiological_maturity,2003-06-16,seed_layer_available_water,50.0
17,ag_095_040,fallow,2003,2003-10-06,2003-10-11,364789.7923446728,rain_98_available,1.0,1.247890679678676e-13,0.0,0.0,0.0,1.0,47.54,0.0,0.0,12.508080600000001,0.0,0.0,0.0,0.0,0.0,13.2915334828178,0.0,0.0,12.508080600000001,0.0,0.0,771.2989615731374,793.0393474903193,2.7489122089718876e-13,unvalidated-engineering-priors,fixed independent scenario factor; no N cycle,,,,right_censored,BBCH89_full_ripeness,,,
17,ag_095_040,wheat,2004,2003-10-12,2004-06-10,364789.7923446728,rain_98_available,0.75,9.983125437429408e-13,4.75353090223507e-12,0.0,0.0,0.04267140235271844,312.71999999999997,225.0,0.0,324.6334839894457,240.80565371422375,50.67408344144844,0.0,0.0,0.0,149.51672533181195,225.0,0.0,616.1132211451179,8666.643086183281,19683.793925527287,793.0393474903193,565.129401013397,-7.594813666855771e-12,unvalidated-engineering-priors,fixed independent scenario factor; no N cycle,2004-04-12,2004-05-20,2004-05-20,full_ripeness,BBCH89_full_ripeness,2003-10-12,seed_layer_available_water,50.0
17,ag_095_040,fallow,2004,2004-06-11,2004-06-14,364789.7923446728,rain_98_available,0.75,6.195044477408373e-14,0.0,0.0,0.0,1.0,27.29,0.0,0.0,6.413768783681692,0.0,0.0,0.0,0.0,0.0,0.09203692325582716,0.0,0.0,6.413768783681692,0.0,0.0,565.129401013397,585.9135953064596,-8.926193117986259e-14,unvalidated-engineering-priors,fixed independent scenario factor; no N cycle,,,,right_censored,BBCH89_full_ripeness,,,
17,ag_095_040,maize,2004,2004-06-15,2004-10-05,364789.7923446728,rain_98_available,0.75,1.1313172620930345e-12,3.979039320256561e-12,0.0,0.0,0.03354275471250856,597.41,60.0,0.0,16.64454943480366,199.02276234856103,107.59715636965689,0.0,13.367329987799655,0.0,215.47638600611114,60.0,0.0,323.2644681530216,9360.223211685085,17810.511992590553,585.9135953064596,691.2154111595245,2.718603120399621e-12,unvalidated-engineering-priors,fixed independent scenario factor; no N cycle,2004-08-10,2004-09-26,2004-09-26,physiological_maturity,R6_physiological_maturity,2004-06-15,seed_layer_available_water,50.0
17,ag_095_040,fallow,2004,2004-10-06,2004-10-11,364789.7923446728,rain_98_available,0.75,1.376676550535194e-13,0.0,0.0,0.0,1.0,0.01,0.0,0.0,18.087077674674976,0.0,0.0,0.0,0.0,0.0,2.6593992923445944,0.0,0.0,18.087077674674976,0.0,0.0,691.2154111595245,670.4789341925048,1.4033219031261979e-13,unvalidated-engineering-priors,fixed independent scenario factor; no N cycle,,,,right_censored,BBCH89_full_ripeness,,,
17,ag_095_040,wheat,2005,2004-10-12,2005-06-10,364789.7923446728,rain_98_available,0.75,9.379164112033322e-13,3.751665644813329e-12,0.0,0.0,0.04267140235271844,302.31,225.0,0.0,235.61520888943116,245.70692135110892,71.68501353183672,0.0,0.0,0.0,40.97362327171406,225.0,0.0,553.0071437723768,8875.434337553494,21088.058399631343,670.4789341925048,603.8081671484156,-1.6727730312027234e-12,unvalidated-engineering-priors,fixed independent scenario factor; no N cycle,2005-04-25,2005-06-02,2005-06-02,full_ripeness,BBCH89_full_ripeness,2004-10-12,seed_layer_available_water,50.0
17,ag_095_040,fallow,2005,2005-06-11,2005-06-14,364789.7923446728,rain_98_available,0.75,1.8562928971732617e-13,0.0,0.0,0.0,1.0,0.0,0.0,0.0,18.11331345536816,0.0,0.0,0.0,0.0,0.0,0.18613551804524325,0.0,0.0,18.11331345536816,0.0,0.0,603.8081671484156,585.5087181750024,-2.2515322939398175e-13,unvalidated-engineering-priors,fixed independent scenario factor; no N cycle,,,,right_censored,BBCH89_full_ripeness,,,
17,ag_095_040,maize,2005,2005-06-15,2005-10-05,364789.7923446728,rain_98_available,0.75,1.0729195309977513e-12,2.2737367544323206e-12,0.0,0.0,0.03354275471250856,986.16,60.0,0.0,19.11018512694209,140.12047758986694,112.65457968202544,0.0,166.34692614243383,0.0,414.1922551115417,60.0,0.0,271.88524239883446,7347.854583809221,14780.78557740177,585.5087181750024,779.244294522188,4.317435298162309e-12,unvalidated-engineering-priors,fixed independent scenario factor; no N cycle,2005-08-09,2005-09-25,2005-09-25,physiological_maturity,R6_physiological_maturity,2005-06-16,seed_layer_available_water,50.0
17,ag_095_040,fallow,2005,2005-10-06,2005-10-11,364789.7923446728,rain_98_available,0.75,1.545430450278218e-13,0.0,0.0,0.0,1.0,1.35,0.0,0.0,18.1049977,0.0,0.0,0.0,0.0,0.0,22.325843174069462,0.0,0.0,18.1049977,0.0,0.0,779.244294522188,740.1634536481184,1.652011860642233e-13,unvalidated-engineering-priors,fixed independent scenario factor; no N cycle,,,,right_censored,BBCH89_full_ripeness,,,
17,ag_095_040,wheat,2006,2005-10-12,2006-06-10,364789.7923446728,rain_98_available,0.75,8.260059303211165e-13,4.817479748453479e-12,0.0,0.0,0.04267140235271844,266.48,225.0,0.0,248.305389471275,256.76099061998974,58.64126388682266,0.0,0.0,0.0,89.23911569814514,225.0,0.0,563.7076439780874,9202.056184703202,21326.320788926,740.1634536481184,578.6966939718851,7.996936446375003e-13,unvalidated-engineering-priors,fixed independent scenario factor; no N cycle,2006-04-18,2006-05-27,2006-05-27,full_ripeness,BBCH89_full_ripeness,2005-10-12,seed_layer_available_water,50.0
17,ag_095_040,fallow,2006,2006-06-11,2006-06-14,364789.7923446728,rain_98_available,0.75,9.969802761133906e-14,0.0,0.0,0.0,1.0,12.34,0.0,0.0,8.077036491016397,0.0,0.0,0.0,0.0,0.0,0.26180213908013017,0.0,0.0,8.077036491016397,0.0,0.0,578.6966939718851,582.6978553417887,-9.792167077193881e-14,unvalidated-engineering-priors,fixed independent scenario factor; no N cycle,,,,right_censored,BBCH89_full_ripeness,,,
17,ag_095_040,maize,2006,2006-06-15,2006-10-05,364789.7923446728,rain_98_available,0.75,1.241673430740775e-12,2.2737367544323206e-12,0.0,0.0,0.03354275471250856,446.37,60.0,0.0,20.928208279645986,161.82236340779687,104.39960560416037,0.0,12.143013502486605,0.0,119.77408990323262,60.0,0.0,287.15017729160326,8030.4834191574255,15536.386275224611,582.6978553417887,670.0005746444676,-1.4029888362188103e-12,unvalidated-engineering-priors,fixed independent scenario factor; no N cycle,2006-08-08,2006-09-22,2006-09-22,physiological_maturity,R6_physiological_maturity,2006-06-15,seed_layer_available_water,50.0
17,ag_095_040,fallow,2006,2006-10-06,2006-10-11,364789.7923446728,rain_98_available,0.75,2.2604140781368187e-13,0.0,0.0,0.0,1.0,0.3,0.0,0.0,18.589320926175986,0.0,0.0,0.0,0.0,0.0,1.348600289090196,0.0,0.0,18.589320926175986,0.0,0.0,670.0005746444676,650.362653429201,4.18332035678759e-13,unvalidated-engineering-priors,fixed independent scenario factor; no N cycle,,,,right_censored,BBCH89_full_ripeness,,,
17,ag_095_040,wheat,2007,2006-10-12,2007-06-10,364789.7923446728,rain_98_available,1.0,1.0942358130705543e-12,5.286437954055145e-12,0.0,0.0,0.04267140235271844,299.38,300.0,0.0,292.3056923645277,249.58609552049694,58.31534025252443,0.0,25.40638540507644,0.0,38.914412349440134,300.0,0.0,600.2071281375491,9303.086037800653,21156.152259670904,650.362653429201,585.2147275371377,-2.352840144936863e-12,unvalidated-engineering-priors,fixed independent scenario factor; no N cycle,2007-04-15,2007-05-24,2007-05-24,full_ripeness,BBCH89_full_ripeness,2006-10-12,seed_layer_available_water,50.0
17,ag_095_040,fallow,2007,2007-06-11,2007-06-14,364789.7923446728,rain_98_available,1.0,1.3500311979441904e-13,0.0,0.0,0.0,1.0,0.01,0.0,0.0,4.707679778609728,0.0,0.0,0.0,0.0,0.0,0.29000188432664237,0.0,0.0,4.707679778609728,0.0,0.0,585.2147275371377,580.2270458742015,-1.6009416015094757e-13,unvalidated-engineering-priors,fixed independent scenario factor; no N cycle,,,,right_censored,BBCH89_full_ripeness,,,
17,ag_095_040,maize,2007,2007-06-15,2007-10-05,364789.7923446728,rain_98_available,1.0,1.3304912727107876e-12,3.097966327914037e-12,0.0,0.0,0.03354275471250856,798.05,80.0,0.0,19.447228303378886,154.18604002815337,93.16877413938539,0.0,69.89728818225203,0.0,437.8399010987408,80.0,0.0,266.8020424709176,7480.814402521582,14549.330696473724,580.2270458742015,683.7378141222924,-1.4026557693114228e-12,unvalidated-engineering-priors,fixed independent scenario factor; no N cycle,2007-08-12,2007-09-25,2007-09-25,physiological_maturity,R6_physiological_maturity,2007-06-16,seed_layer_available_water,50.0
17,ag_095_040,fallow,2007,2007-10-06,2007-10-11,364789.7923446728,rain_98_available,1.0,2.8421709430404007e-13,0.0,0.0,0.0,1.0,1.3,0.0,0.0,19.26624725162352,0.0,0.0,0.0,0.0,0.0,2.3368063741303007,0.0,0.0,19.26624725162352,0.0,0.0,683.7378141222924,663.4347604965386,6.661338147750939e-16,unvalidated-engineering-priors,fixed independent scenario factor; no N cycle,,,,right_censored,BBCH89_full_ripeness,,,
17,ag_095_040,wheat,2008,2007-10-12,2008-06-10,364789.7923446728,rain_98_available,0.75,8.606448886894214e-13,3.865352482534945e-12,0.0,0.0,0.04267140235271844,360.51,225.0,0.0,256.05797557952263,262.8555584963025,53.70360955926234,0.0,0.037590531430499396,0.0,54.602198628271246,225.0,0.0,572.6171436350875,9989.073922601152,22233.82170703261,663.4347604965386,621.6878277017511,-1.6751044995544362e-12,unvalidated-engineering-priors,fixed independent scenario factor; no N cycle,2008-04-18,2008-05-28,2008-05-28,full_ripeness,BBCH89_full_ripeness,2007-10-12,seed_layer_available_water,50.0
17,ag_095_040,fallow,2008,2008-06-11,2008-06-14,364789.7923446728,rain_98_available,0.75,4.263256414560601e-14,0.0,0.0,0.0,1.0,1.3900000000000001,0.0,0.0,5.963537949481812,0.0,0.0,0.0,0.0,0.0,0.9853473267187622,0.0,0.0,5.963537949481812,0.0,0.0,621.6878277017511,616.1289424255505,3.8968828164342995e-14,unvalidated-engineering-priors,fixed independent scenario factor; no N cycle,,,,right_censored,BBCH89_full_ripeness,,,
17,ag_095_040,maize,2008,2008-06-15,2008-10-05,364789.7923446728,rain_98_available,0.75,1.056932319443149e-12,1.8189894035458565e-12,0.0,0.0,0.03354275471250856,643.0600000000001,60.0,0.0,18.026534372386532,163.5491582572868,87.61943640616673,0.0,12.815754233109569,0.0,317.5350526274229,60.0,0.0,269.19512903584007,8127.286487713843,15132.283136677308,616.1289424255505,719.6430065291737,4.263478459165526e-12,unvalidated-engineering-priors,fixed independent scenario factor; no N cycle,2008-08-10,2008-09-23,2008-09-23,physiological_maturity,R6_physiological_maturity,2008-06-16,seed_layer_available_water,50.0
17,ag_095_040,fallow,2008,2008-10-06,2008-10-11,364789.7923446728,rain_98_available,0.75,1.5898393712632242e-13,0.0,0.0,0.0,1.0,0.060000000000000005,0.0,0.0,14.6328244,0.0,0.0,0.0,0.0,0.0,5.927593017937225,0.0,0.0,14.6328244,0.0,0.0,719.6430065291737,699.1425891112364,1.163513729807164e-13,unvalidated-engineering-priors,fixed independent scenario factor; no N cycle,,,,right_censored,BBCH89_full_ripeness,,,
17,ag_095_040,wheat,2009,2008-10-12,2009-06-10,364789.7923446728,rain_98_available,0.75,1.0755840662568517e-12,4.320099833421409e-12,0.0,0.0,0.04267140235271844,315.18,225.0,0.0,288.780755980598,224.4492044644589,52.607876845864276,0.0,0.0,0.0,62.21797639225359,225.0,0.0,565.8378372909211,8023.774100518413,18509.60855702228,699.1425891112364,611.2667754280579,3.7115310824731296e-12,unvalidated-engineering-priors,fixed independent scenario factor; no N cycle,2009-04-15,2009-05-24,2009-05-24,full_ripeness,BBCH89_full_ripeness,2008-10-12,seed_layer_available_water,50.0
17,ag_095_040,fallow,2009,2009-06-11,2009-06-14,364789.7923446728,rain_98_available,0.75,1.5210055437364645e-13,0.0,0.0,0.0,1.0,1.01,0.0,0.0,10.515828180016687,0.0,0.0,0.0,0.0,0.0,0.3621294100827882,0.0,0.0,10.515828180016687,0.0,0.0,611.2667754280579,601.3988178379589,-3.9324099532223045e-13,unvalidated-engineering-priors,fixed independent scenario factor; no N cycle,,,,right_censored,BBCH89_full_ripeness,,,
17,ag_095_040,maize,2009,2009-06-15,2009-10-05,364789.7923446728,rain_98_available,0.75,1.0249578963339445e-12,3.922195901395753e-12,0.0,0.0,0.03354275471250856,402.06,60.0,0.0,17.689655690618707,204.37959999676582,94.22365559639842,0.0,0.0,0.0,54.730951108013116,60.0,0.0,316.2929112837829,8445.275784325344,16895.29730396525,601.3988178379589,692.4349554461651,-2.2815083156046967e-12,unvalidated-engineering-priors,fixed independent scenario factor; no N cycle,2009-08-10,2009-09-26,2009-09-26,physiological_maturity,R6_physiological_maturity,2009-06-16,seed_layer_available_water,50.0
17,ag_095_040,fallow,2009,2009-10-06,2009-10-11,364789.7923446728,rain_98_available,0.75,1.794120407794253e-13,0.0,0.0,0.0,1.0,2.82,0.0,0.0,15.738679999999997,0.0,0.0,0.0,0.0,0.0,2.7411624165639736,0.0,0.0,15.738679999999997,0.0,0.0,692.4349554461651,676.7751130296011,-2.4424906541753444e-14,unvalidated-engineering-priors,fixed independent scenario factor; no N cycle,,,,right_censored,BBCH89_full_ripeness,,,
17,ag_095_040,wheat,2010,2009-10-12,2010-06-10,364789.7923446728,rain_98_available,1.0,7.37632177560954e-13,4.263256414560601e-12,0.0,0.0,0.04267140235271844,403.63,300.0,0.0,286.77407616775815,219.95534071820558,66.2645656946728,0.0,24.93644902923629,0.0,93.76971247622791,300.0,0.0,572.9939825806365,8257.598844644197,19445.125852349687,676.7751130296011,688.7049689435034,-3.0658808825023698e-12,unvalidated-engineering-priors,fixed independent scenario factor; no N cycle,2010-04-28,2010-06-05,2010-06-05,full_ripeness,BBCH89_full_ripeness,2009-10-12,seed_layer_available_water,50.0
17,ag_095_040,fallow,2010,2010-06-11,2010-06-14,364789.7923446728,rain_98_available,1.0,2.1227464230832993e-13,0.0,0.0,0.0,1.0,0.0,0.0,0.0,20.027119159653946,0.0,0.0,0.0,0.0,0.0,1.9807341327116355,0.0,0.0,20.027119159653946,0.0,0.0,688.7049689435034,666.6971156511378,8.43769498715119e-14,unvalidated-engineering-priors,fixed independent scenario factor; no N cycle,,,,right_censored,BBCH89_full_ripeness,,,
17,ag_095_040,maize,2010,2010-06-15,2010-10-05,364789.7923446728,rain_98_available,1.0,1.084465850453853e-12,2.8705926524708048e-12,0.0,0.0,0.03354275471250856,426.58,80.0,0.0,18.126985927365407,201.41763525137196,93.72687646696961,0.0,0.10152495333722378,0.0,160.44390486756438,80.0,0.0,313.271497645707,7729.240673660503,15836.542899440086,666.6971156511378,699.4601881845298,-5.933031843596837e-13,unvalidated-engineering-priors,fixed independent scenario factor; no N cycle,2010-08-08,2010-09-20,2010-09-20,physiological_maturity,R6_physiological_maturity,2010-06-15,seed_layer_available_water,50.0
17,ag_095_040,fallow,2010,2010-10-06,2010-10-11,364789.7923446728,rain_98_available,1.0,1.5543122344752192e-13,0.0,0.0,0.0,1.0,0.39,0.0,0.0,21.06957540749681,0.0,0.0,0.0,0.0,0.0,3.5477887168108975,0.0,0.0,21.06957540749681,0.0,0.0,699.4601881845298,675.2328240602224,-2.8066438062523957e-13,unvalidated-engineering-priors,fixed independent scenario factor; no N cycle,,,,right_censored,BBCH89_full_ripeness,,,
17,ag_095_040,wheat,2011,2010-10-12,2011-06-10,364789.7923446728,rain_98_available,1.0,6.750155989720952e-13,5.002220859751105e-12,0.0,0.0,0.04267140235271844,140.95,300.0,0.0,219.42493752474107,307.1158761861314,32.47320438138846,0.0,0.0,0.0,45.62139793950111,300.0,0.0,559.0140180922609,8756.696650380267,20412.817655330568,675.2328240602224,511.54740802845754,2.8039792709932954e-12,unvalidated-engineering-priors,fixed independent scenario factor; no N cycle,2011-04-19,2011-05-29,2011-05-29,full_ripeness,BBCH89_full_ripeness,2010-10-12,seed_layer_available_water,50.0
17,ag_095_040,fallow,2011,2011-06-11,2011-06-14,364789.7923446728,rain_98_available,1.0,1.270095140171179e-13,0.0,0.0,0.0,1.0,5.13,0.0,0.0,3.9098297124649277,0.0,0.0,0.0,0.0,0.0,0.016453378729709617,0.0,0.0,3.9098297124649277,0.0,0.0,511.54740802845754,512.7511249372627,1.858513343222512e-13,unvalidated-engineering-priors,fixed independent scenario factor; no N cycle,,,,right_censored,BBCH89_full_ripeness,,,
17,ag_095_040,maize,2011,2011-06-15,2011-10-05,364789.7923446728,rain_98_available,1.0,1.0089706847793423e-12,3.431921413721284e-12,0.0,0.0,0.03354275471250856,424.71,80.0,0.0,18.049150565275905,186.82632218434978,96.9340253313597,0.0,0.0,0.0,25.3405651893939,80.0,0.0,301.8094980809854,8051.605250348352,16073.558314776674,512.7511249372627,690.3110616668887,-5.2696735863833055e-12,unvalidated-engineering-priors,fixed independent scenario factor; no N cycle,2011-08-10,2011-09-27,2011-09-27,physiological_maturity,R6_physiological_maturity,2011-06-15,seed_layer_available_water,50.0
17,ag_095_040,fallow,2011,2011-10-06,2011-10-11,364789.7923446728,rain_98_available,1.0,1.4166445794216997e-13,0.0,0.0,0.0,1.0,4.08,0.0,0.0,21.077890332507298,0.0,0.0,0.0,0.0,0.0,2.3421885207061535,0.0,0.0,21.077890332507298,0.0,0.0,690.3110616668887,670.9709828136754,-1.5187850976872141e-13,unvalidated-engineering-priors,fixed independent scenario factor; no N cycle,,,,right_censored,BBCH89_full_ripeness,,,
17,ag_095_040,wheat,2012,2011-10-12,2012-06-10,364789.7923446728,rain_98_available,1.0,1.1799450305716164e-12,3.439026841078885e-12,0.0,0.0,0.04267140235271844,245.16,300.0,0.0,288.85481188583435,227.57138469707326,31.087121092612698,0.0,2.0288766048748386,0.0,75.35411588863562,300.0,0.0,547.5133176755203,7832.154002659473,17712.363674874883,670.9709828136754,591.2346726446497,-5.033529149045535e-12,unvalidated-engineering-priors,fixed independent scenario factor; no N cycle,2012-04-23,2012-05-29,2012-05-29,full_ripeness,BBCH89_full_ripeness,2011-10-12,seed_layer_available_water,50.0
17,ag_095_040,fallow,2012,2012-06-11,2012-06-14,364789.7923446728,rain_98_available,1.0,5.972999872483342e-14,0.0,0.0,0.0,1.0,0.08,0.0,0.0,4.949438471555707,0.0,0.0,0.0,0.0,0.0,0.41195144171788906,0.0,0.0,4.949438471555707,0.0,0.0,591.2346726446497,585.9532827313761,-6.716849298982197e-14,unvalidated-engineering-priors,fixed independent scenario factor; no N cycle,,,,right_censored,BBCH89_full_ripeness,,,
17,ag_095_040,maize,2012,2012-06-15,2012-10-05,364789.7923446728,rain_98_available,1.0,1.0480505352461478e-12,2.3590018827235326e-12,0.0,0.0,0.03354275471250856,441.63,80.0,0.0,22.540726146043312,229.8965101731847,56.63476356909018,0.0,5.4644551931353185,0.0,110.12095818713743,80.0,0.0,309.0719998883182,8184.0188696514515,15358.516656994398,585.9532827313761,682.9258694627792,5.922817791770285e-12,unvalidated-engineering-priors,fixed independent scenario factor; no N cycle,2012-08-10,2012-09-23,2012-09-23,physiological_maturity,R6_physiological_maturity,2012-06-16,seed_layer_available_water,50.0
17,ag_095_040,fallow,2012,2012-10-06,2012-10-11,364789.7923446728,rain_98_available,1.0,1.6120438317557273e-13,0.0,0.0,0.0,1.0,0.0,0.0,0.0,19.71077659059845,0.0,0.0,0.0,0.0,0.0,3.031327479772296,0.0,0.0,19.71077659059845,0.0,0.0,682.9258694627792,660.1837653924088,-2.5979218776228663e-13,unvalidated-engineering-priors,fixed independent scenario factor; no N cycle,,,,right_censored,BBCH89_full_ripeness,,,
17,ag_095_040,wheat,2013,2012-10-12,2013-06-10,364789.7923446728,rain_98_available,1.0,8.970602038971265e-13,3.467448550509289e-12,0.0,0.0,0.04267140235271844,275.68,300.0,0.0,291.86903245074814,250.69537186634605,45.59788026884297,0.0,0.0,0.0,41.97851172482993,300.0,0.0,588.1622845859372,7893.9916300967425,18530.1766745593,660.1837653924088,605.7229690816392,2.401301379961751e-12,unvalidated-engineering-priors,fixed independent scenario factor; no N cycle,2013-04-21,2013-05-30,2013-05-30,full_ripeness,BBCH89_full_ripeness,2012-10-12,seed_layer_available_water,50.0
17,ag_095_040,fallow,2013,2013-06-11,2013-06-14,364789.7923446728,rain_98_available,1.0,2.042810365310288e-13,0.0,0.0,0.0,1.0,0.0,0.0,0.0,9.08707008004285,0.0,0.0,0.0,0.0,0.0,0.28360805041026466,0.0,0.0,9.08707008004285,0.0,0.0,605.7229690816392,596.352290951186,1.4233059175694507e-13,unvalidated-engineering-priors,fixed independent scenario factor; no N cycle,,,,right_censored,BBCH89_full_ripeness,,,
17,ag_095_040,maize,2013,2013-06-15,2013-10-05,364789.7923446728,rain_98_available,1.0,1.1464162952279366e-12,4.320099833421409e-12,0.0,0.0,0.03354275471250856,361.33,80.0,0.0,20.46626841306749,292.8449007790825,70.63612879413603,0.0,0.0,0.0,41.6091696475864,80.0,0.0,383.947297986286,8859.495672522835,18680.96919951707,596.352290951186,612.125823317318,-4.405809050922471e-12,unvalidated-engineering-priors,fixed independent scenario factor; no N cycle,2013-08-10,2013-09-23,2013-09-23,physiological_maturity,R6_physiological_maturity,2013-06-16,seed_layer_available_water,50.0
17,ag_095_040,fallow,2013,2013-10-06,2013-10-11,364789.7923446728,rain_98_available,1.0,1.9317880628477724e-13,0.0,0.0,0.0,1.0,0.0,0.0,0.0,22.12162552278614,0.0,0.0,0.0,0.0,0.0,0.15929424257065497,0.0,0.0,22.12162552278614,0.0,0.0,612.125823317318,589.8449035519611,9.059419880941277e-14,unvalidated-engineering-priors,fixed independent scenario factor; no N cycle,,,,right_censored,BBCH89_full_ripeness,,,
17,ag_095_040,wheat,2014,2013-10-12,2014-06-10,364789.7923446728,rain_98_available,1.0,1.1519674103510624e-12,3.296918293926865e-12,0.0,0.0,0.04267140235271844,250.23,300.0,0.0,284.29203726913823,210.67314913090397,47.9531131491599,0.0,8.197156547976453,0.0,9.908900711800158,300.0,0.0,542.9182995492022,7827.619896231795,17499.25968549472,589.8449035519611,579.0505467429823,8.22675261247241e-14,unvalidated-engineering-priors,fixed independent scenario factor; no N cycle,2014-04-12,2014-05-22,2014-05-22,full_ripeness,BBCH89_full_ripeness,2013-10-12,seed_layer_available_water,50.0
17,ag_095_040,fallow,2014,2014-06-11,2014-06-14,364789.7923446728,rain_98_available,1.0,1.887379141862766e-13,0.0,0.0,0.0,1.0,3.5100000000000002,0.0,0.0,4.1057096959839425,0.0,0.0,0.0,0.0,0.0,0.25337697269107046,0.0,0.0,4.1057096959839425,0.0,0.0,579.0505467429823,578.2014600743075,-2.404743071338089e-13,unvalidated-engineering-priors,fixed independent scenario factor; no N cycle,,,,right_censored,BBCH89_full_ripeness,,,
17,ag_095_040,maize,2014,2014-06-15,2014-10-05,364789.7923446728,rain_98_available,1.0,9.614531393253856e-13,3.637978807091713e-12,0.0,0.0,0.03354275471250856,413.08,80.0,0.0,16.195447409365908,208.52120210027036,91.81986910896728,0.0,0.0,0.0,19.640299461462043,80.0,0.0,316.53651861860357,7898.195380585485,17049.43377400332,578.2014600743075,735.1046419942439,-1.985744901844555e-12,unvalidated-engineering-priors,fixed independent scenario factor; no N cycle,2014-08-12,2014-09-28,2014-09-28,physiological_maturity,R6_physiological_maturity,2014-06-16,seed_layer_available_water,50.0
17,ag_095_040,fallow,2014,2014-10-06,2014-10-11,364789.7923446728,rain_98_available,1.0,1.7763568394002505e-13,0.0,0.0,0.0,1.0,0.0,0.0,0.0,19.7801378,0.0,0.0,0.0,0.0,0.0,7.564070276239238,0.0,0.0,19.7801378,0.0,0.0,735.1046419942439,707.7604339180047,4.529709940470639e-14,unvalidated-engineering-priors,fixed independent scenario factor; no N cycle,,,,right_censored,BBCH89_full_ripeness,,,
17,ag_095_040,wheat,2015,2014-10-12,2015-06-10,364789.7923446728,rain_98_available,1.0,1.0231815394945443e-12,5.7980287238024175e-12,0.0,0.0,0.04267140235271844,392.52,300.0,0.0,317.35020313331995,194.47441795140725,58.553459766823295,0.0,27.815670816714047,0.0,160.3565548100289,300.0,0.0,570.3780808515505,7810.674743892485,17701.660122019464,707.7604339180047,641.7301274397106,6.411537967210279e-13,unvalidated-engineering-priors,fixed independent scenario factor; no N cycle,2015-04-18,2015-05-25,2015-05-25,full_ripeness,BBCH89_full_ripeness,2014-10-12,seed_layer_available_water,50.0
17,ag_095_040,fallow,2015,2015-06-11,2015-06-14,364789.7923446728,rain_98_available,1.0,1.4299672557172016e-13,0.0,0.0,0.0,1.0,0.0,0.0,0.0,7.068731168688374,0.0,0.0,0.0,0.0,0.0,1.9334716459271981,0.0,0.0,7.068731168688374,0.0,0.0,641.7301274397106,632.7279246250948,1.98507876802978e-13,unvalidated-engineering-priors,fixed independent scenario factor; no N cycle,,,,right_censored,BBCH89_full_ripeness,,,
17,ag_095_040,maize,2015,2015-06-15,2015-10-05,364789.7923446728,rain_98_available,1.0,1.1359801987964602e-12,3.581135388230905e-12,0.0,0.0,0.03354275471250856,438.47,80.0,0.0,18.75710300493054,207.53150832238327,68.05213607739184,0.0,4.229368515832467,0.0,226.40348243072893,80.0,0.0,294.34074740470567,8781.50349081071,16461.043073993555,632.7279246250948,626.2243262738293,-1.5510925877038062e-12,unvalidated-engineering-priors,fixed independent scenario factor; no N cycle,2015-08-12,2015-09-26,2015-09-26,physiological_maturity,R6_physiological_maturity,2015-06-16,seed_layer_available_water,50.0
17,ag_095_040,fallow,2015,2015-10-06,2015-10-11,364789.7923446728,rain_98_available,1.0,1.98507876802978e-13,0.0,0.0,0.0,1.0,4.79,0.0,0.0,17.878594004438092,0.0,0.0,0.0,0.0,0.0,0.3860824364942905,0.0,0.0,17.878594004438092,0.0,0.0,626.2243262738293,612.7496498328967,2.4158453015843406e-13,unvalidated-engineering-priors,fixed independent scenario factor; no N cycle,,,,right_censored,BBCH89_full_ripeness,,,
17,ag_095_040,wheat,2016,2015-10-12,2016-06-10,364789.7923446728,rain_98_available,1.0,1.1004530620084552e-12,2.8990143619012088e-12,0.0,0.0,0.04267140235271844,433.62,300.0,0.0,366.5061071310118,189.20048896308882,49.34224860866774,0.0,12.124941989415024,0.0,33.16720803641616,300.0,0.0,605.0488447027683,7110.882315238403,16499.59916228007,612.7496498328967,696.0286551042991,-1.928679438378822e-12,unvalidated-engineering-priors,fixed independent scenario factor; no N cycle,2016-04-14,2016-05-22,2016-05-22,full_ripeness,BBCH89_full_ripeness,2015-10-12,seed_layer_available_water,50.0
17,ag_095_040,fallow,2016,2016-06-11,2016-06-14,364789.7923446728,rain_98_available,1.0,1.4210854715202004e-13,0.0,0.0,0.0,1.0,2.04,0.0,0.0,19.66342323878157,0.0,0.0,0.0,0.0,0.0,1.8516767177588467,0.0,0.0,19.66342323878157,0.0,0.0,696.0286551042991,676.5535551477589,-1.6653345369377348e-13,unvalidated-engineering-priors,fixed independent scenario factor; no N cycle,,,,right_censored,BBCH89_full_ripeness,,,
17,ag_095_040,maize,2016,2016-06-15,2016-10-05,364789.7923446728,rain_98_available,1.0,1.0738077094174514e-12,4.433786671143025e-12,0.0,0.0,0.03354275471250856,432.84000000000003,80.0,0.0,18.202968773808557,245.21503223235152,73.4467768689098,0.0,39.76345046257031,0.0,195.4632573201818,80.0,0.0,336.8647778750699,9338.400751049801,17721.025103039523,676.5535551477589,617.3020694899399,-2.9983793226051603e-12,unvalidated-engineering-priors,fixed independent scenario factor; no N cycle,2016-08-09,2016-09-19,2016-09-19,physiological_maturity,R6_physiological_maturity,2016-06-15,seed_layer_available_water,50.0
17,ag_095_040,fallow,2016,2016-10-06,2016-10-11,364789.7923446728,rain_98_available,1.0,2.3514523661560816e-13,0.0,0.0,0.0,1.0,0.49,0.0,0.0,15.588812099999998,0.0,0.0,0.0,0.0,0.0,0.2284011555231124,0.0,0.0,15.588812099999998,0.0,0.0,617.3020694899399,601.9748562344168,-9.08162434143378e-14,unvalidated-engineering-priors,fixed independent scenario factor; no N cycle,,,,right_censored,BBCH89_full_ripeness,,,
17,ag_095_040,wheat,2017,2016-10-12,2017-06-10,364789.7923446728,rain_98_available,1.0,1.1501910535116622e-12,2.2311041902867146e-12,0.0,0.0,0.04267140235271844,494.05,300.0,0.0,347.86173358398264,180.79308311144976,43.0210292056534,0.0,28.810067116135475,0.0,91.2488633679072,300.0,0.0,571.6758459010858,6841.878511968179,15510.587633080544,601.9748562344168,704.2900798492861,2.2084556405843614e-12,unvalidated-engineering-priors,fixed independent scenario factor; no N cycle,2017-04-14,2017-05-23,2017-05-23,full_ripeness,BBCH89_full_ripeness,2016-10-12,seed_layer_available_water,50.0
17,ag_095_040,fallow,2017,2017-06-11,2017-06-14,364789.7923446728,rain_98_available,1.0,1.6253665080512292e-13,0.0,0.0,0.0,1.0,0.87,0.0,0.0,18.736082499999995,0.0,0.0,0.0,0.0,0.0,0.9802703723002516,0.0,0.0,18.736082499999995,0.0,0.0,704.2900798492861,685.4437269769858,1.234568003383174e-13,unvalidated-engineering-priors,fixed independent scenario factor; no N cycle,,,,right_censored,BBCH89_full_ripeness,,,
17,ag_095_040,maize,2017,2017-06-15,2017-10-05,364789.7923446728,rain_98_available,1.0,1.1035616864774056e-12,4.320099833421409e-12,0.0,0.0,0.03354275471250856,565.49,80.0,0.0,16.192323281666553,218.94738400191025,86.531234424374,0.0,11.740174181129282,0.0,194.2442248138982,80.0,0.0,321.6709417079508,8414.715303520752,17436.59674880273,685.4437269769858,803.2783862740096,-2.0965451597021456e-12,unvalidated-engineering-priors,fixed independent scenario factor; no N cycle,2017-08-08,2017-09-21,2017-09-21,physiological_maturity,R6_physiological_maturity,2017-06-15,seed_layer_available_water,50.0
17,ag_095_040,fallow,2017,2017-10-06,2017-10-11,364789.7923446728,rain_98_available,1.0,2.149391775674303e-13,0.0,0.0,0.0,1.0,37.93,0.0,0.0,10.417841499999998,0.0,0.0,0.0,0.0,0.0,35.97766222569982,0.0,0.0,10.417841499999998,0.0,0.0,803.2783862740096,794.8128825483093,4.618527782440651e-13,unvalidated-engineering-priors,fixed independent scenario factor; no N cycle,,,,right_censored,BBCH89_full_ripeness,,,
17,ag_095_040,wheat,2018,2017-10-12,2018-06-10,364789.7923446728,rain_98_available,0.75,8.597567102697212e-13,5.4356519285647664e-12,0.0,0.0,0.04267140235271844,338.77,225.0,0.0,273.539049707024,236.7217311626821,59.02574083213499,0.0,10.953411081261564,0.0,165.62284156684166,225.0,0.0,569.286521701841,8248.828949180723,19406.64067995007,794.8128825483093,612.7201081983643,6.750155989720952e-13,unvalidated-engineering-priors,fixed independent scenario factor; no N cycle,2018-04-15,2018-05-24,2018-05-24,full_ripeness,BBCH89_full_ripeness,2017-10-12,seed_layer_available_water,50.0
17,ag_095_040,fallow,2018,2018-06-11,2018-06-14,364789.7923446728,rain_98_available,0.75,2.078337502098293e-13,0.0,0.0,0.0,1.0,0.0,0.0,0.0,6.732919685581926,0.0,0.0,0.0,0.0,0.0,0.547640295354671,0.0,0.0,6.732919685581926,0.0,0.0,612.7201081983643,605.4395482174275,2.0250467969162855e-13,unvalidated-engineering-priors,fixed independent scenario factor; no N cycle,,,,right_censored,BBCH89_full_ripeness,,,
17,ag_095_040,maize,2018,2018-06-15,2018-10-05,364789.7923446728,rain_98_available,0.75,1.1710632463746151e-12,4.376943252282217e-12,0.0,0.0,0.03354275471250856,488.58,60.0,0.0,18.79551843462467,245.42882621078311,64.91482168071708,0.0,45.5428445918692,0.0,133.18167185119552,60.0,0.0,329.1391663261249,7735.614399439389,16122.237700425747,605.4395482174275,646.1558654482349,3.035127704720253e-12,unvalidated-engineering-priors,fixed independent scenario factor; no N cycle,2018-08-09,2018-09-21,2018-09-21,physiological_maturity,R6_physiological_maturity,2018-06-16,seed_layer_available_water,50.0
17,ag_095_040,fallow,2018,2018-10-06,2018-10-11,364789.7923446728,rain_98_available,0.75,1.5498713423767185e-13,0.0,0.0,0.0,1.0,0.04,0.0,0.0,18.714499569119756,0.0,0.0,0.0,0.0,0.0,0.9385425028485971,0.0,0.0,18.714499569119756,0.0,0.0,646.1558654482349,626.5428233762666,-8.79296635503124e-14,unvalidated-engineering-priors,fixed independent scenario factor; no N cycle,,,,right_censored,BBCH89_full_ripeness,,,
17,ag_095_040,wheat,2019,2018-10-12,2019-06-10,364789.7923446728,rain_98_available,1.0,9.907630271754897e-13,4.632738637155853e-12,0.0,0.0,0.04267140235271844,251.12,300.0,0.0,286.0342804961306,238.98156606016576,46.79331895984031,0.0,11.646063012781896,0.0,25.371590532030723,300.0,0.0,571.8091655161367,8630.939664681711,19707.01908182979,626.5428233762666,568.836004315319,-1.6417422976644502e-12,unvalidated-engineering-priors,fixed independent scenario factor; no N cycle,2019-04-17,2019-05-28,2019-05-28,full_ripeness,BBCH89_full_ripeness,2018-10-12,seed_layer_available_water,50.0
17,ag_095_040,fallow,2019,2019-06-11,2019-06-14,364789.7923446728,rain_98_available,1.0,7.505107646466058e-14,0.0,0.0,0.0,1.0,0.13999999999999999,0.0,0.0,8.765871875021476,0.0,0.0,0.0,0.0,0.0,0.10083625091521231,0.0,0.0,8.765871875021476,0.0,0.0,568.836004315319,560.1092961893822,5.062616992290714e-14,unvalidated-engineering-priors,fixed independent scenario factor; no N cycle,,,,right_censored,BBCH89_full_ripeness,,,
17,ag_095_040,maize,2019,2019-06-15,2019-10-05,364789.7923446728,rain_98_available,1.0,8.695266728864226e-13,4.220623850414995e-12,0.0,0.0,0.03354275471250856,226.68,80.0,0.0,17.903347377715882,285.6459053437008,70.50205732658915,0.0,0.0,0.0,12.591709905976257,80.0,0.0,374.0513100480058,8721.21963912753,17939.975106086174,560.1092961893822,480.1462762354005,-3.1374902675906924e-13,unvalidated-engineering-priors,fixed independent scenario factor; no N cycle,2019-08-10,2019-09-21,2019-09-21,physiological_maturity,R6_physiological_maturity,2019-06-16,seed_layer_available_water,50.0
17,ag_095_040,fallow,2019,2019-10-06,2019-10-11,364789.7923446728,rain_98_available,1.0,1.3988810110276972e-13,0.0,0.0,0.0,1.0,23.21,0.0,0.0,11.0199039,0.0,0.0,0.0,0.0,0.0,0.007163084610143023,0.0,0.0,11.0199039,0.0,0.0,480.1462762354005,492.32920925079037,-3.5638159090467525e-14,unvalidated-engineering-priors,fixed independent scenario factor; no N cycle,,,,right_censored,BBCH89_full_ripeness,,,
17,ag_095_040,wheat,2020,2019-10-12,2020-06-10,364789.7923446728,rain_98_available,1.0,6.750155989720952e-13,2.9629632081196178e-12,0.0,0.0,0.04267140235271844,218.45,300.0,0.0,248.6177500774527,222.98690489000177,42.44414157250088,0.0,5.056306955425022,0.0,0.47235135119102484,300.0,0.0,514.0487965399553,7470.553698195636,17195.552366205655,492.32920925079037,491.2017544042177,1.2796430581829554e-12,unvalidated-engineering-priors,fixed independent scenario factor; no N cycle,2020-04-11,2020-05-23,2020-05-23,full_ripeness,BBCH89_full_ripeness,2019-10-12,seed_layer_available_water,50.0
17,ag_095_040,fallow,2020,2020-06-11,2020-06-14,364789.7923446728,rain_98_available,1.0,6.750155989720952e-14,0.0,0.0,0.0,1.0,22.19,0.0,0.0,13.816213146471759,0.0,0.0,0.0,0.0,0.0,0.005660624682257923,0.0,0.0,13.816213146471759,0.0,0.0,491.2017544042177,499.5698806330636,1.0258460747536446e-13,unvalidated-engineering-priors,fixed independent scenario factor; no N cycle,,,,right_censored,BBCH89_full_ripeness,,,
17,ag_095_040,maize,2020,2020-06-15,2020-10-05,364789.7923446728,rain_98_available,1.0,9.174883075502294e-13,2.8421709430404007e-12,0.0,0.0,0.03354275471250856,710.41,80.0,0.0,17.9139668594935,183.02034231508452,69.41791578266671,0.0,94.01390447001775,0.0,238.30994682569596,80.0,0.0,270.3522249572447,7533.874747448543,14683.416513397864,499.5698806330636,687.3038043801039,1.2617684674864904e-12,unvalidated-engineering-priors,fixed independent scenario factor; no N cycle,2020-08-11,2020-09-23,2020-09-23,physiological_maturity,R6_physiological_maturity,2020-06-15,seed_layer_available_water,50.0
17,ag_095_040,fallow,2020,2020-10-06,2020-10-11,364789.7923446728,rain_98_available,1.0,1.2390088954816747e-13,0.0,0.0,0.0,1.0,1.6,0.0,0.0,12.611518100000001,0.0,0.0,0.0,0.0,0.0,1.479217707422122,0.0,0.0,12.611518100000001,0.0,0.0,687.3038043801039,674.8130685726818,-4.0190073491430667e-14,unvalidated-engineering-priors,fixed independent scenario factor; no N cycle,,,,right_censored,BBCH89_full_ripeness,,,
17,ag_095_040,wheat,2021,2020-10-12,2021-06-10,364789.7923446728,rain_98_available,1.0,1.2114753644709708e-12,3.183231456205249e-12,0.0,0.0,0.04267140235271844,325.91,300.0,0.0,259.3090393242143,197.97228574619166,61.76501993455013,0.0,28.589543732307778,0.0,106.66188885242128,300.0,0.0,519.046345004956,7526.609942826999,17745.55398283167,674.8130685726818,646.4252909830003,-3.6701752748058425e-12,unvalidated-engineering-priors,fixed independent scenario factor; no N cycle,2021-04-12,2021-05-22,2021-05-22,full_ripeness,BBCH89_full_ripeness,2020-10-12,seed_layer_available_water,50.0
17,ag_095_040,fallow,2021,2021-06-11,2021-06-14,364789.7923446728,rain_98_available,1.0,1.8118839761882555e-13,0.0,0.0,0.0,1.0,57.46,0.0,0.0,9.07487627221508,0.0,0.0,0.0,0.0,0.0,2.7672679797581132,0.0,0.0,9.07487627221508,0.0,0.0,646.4252909830003,692.0431467310274,-2.637889906509372e-13,unvalidated-engineering-priors,fixed independent scenario factor; no N cycle,,,,right_censored,BBCH89_full_ripeness,,,
17,ag_095_040,maize,2021,2021-06-15,2021-10-05,364789.7923446728,rain_98_available,1.0,8.859579736508749e-13,1.6200374375330284e-12,0.0,0.0,0.03354275471250856,643.62,80.0,0.0,17.850330547157245,168.344426597146,83.83998256301614,0.0,33.877479533718535,0.0,405.15370326552363,80.0,0.0,270.0347397073194,7025.778958183277,13927.456785071445,692.0431467310274,706.5972242244659,-7.771561172376096e-14,unvalidated-engineering-priors,fixed independent scenario factor; no N cycle,2021-08-09,2021-09-21,2021-09-21,physiological_maturity,R6_physiological_maturity,2021-06-15,seed_layer_available_water,50.0
17,ag_095_040,fallow,2021,2021-10-06,2021-10-11,364789.7923446728,rain_98_available,1.0,1.4210854715202004e-13,0.0,0.0,0.0,1.0,7.78,0.0,0.0,10.3797924,0.0,0.0,0.0,0.0,0.0,3.861531000245669,0.0,0.0,10.3797924,0.0,0.0,706.5972242244659,700.1359008242202,-2.19824158875781e-14,unvalidated-engineering-priors,fixed independent scenario factor; no N cycle,,,,right_censored,BBCH89_full_ripeness,,,
17,ag_095_040,wheat,2022,2021-10-12,2022-06-10,364789.7923446728,rain_98_available,0.75,1.043165553937797e-12,3.495870259939693e-12,0.0,0.0,0.04267140235271844,317.33,225.0,0.0,257.1631967664622,241.75184602786203,56.36470063879666,0.0,19.052709185619676,0.0,69.7588863387578,225.0,0.0,555.2797434331209,8615.461872422191,20036.568732638,700.1359008242202,598.374561866722,-1.3816725541460073e-13,unvalidated-engineering-priors,fixed independent scenario factor; no N cycle,2022-04-10,2022-05-21,2022-05-21,full_ripeness,BBCH89_full_ripeness,2021-10-12,seed_layer_available_water,50.0
17,ag_095_040,fallow,2022,2022-06-11,2022-06-14,364789.7923446728,rain_98_available,0.75,5.6288307348495437e-14,0.0,0.0,0.0,1.0,1.1400000000000001,0.0,0.0,4.993256312502573,0.0,0.0,0.0,0.0,0.0,0.5734860964063235,0.0,0.0,4.993256312502573,0.0,0.0,598.374561866722,593.9478194578132,-8.815170815523743e-14,unvalidated-engineering-priors,fixed independent scenario factor; no N cycle,,,,right_censored,BBCH89_full_ripeness,,,
17,ag_095_040,maize,2022,2022-06-15,2022-10-05,364789.7923446728,rain_98_available,0.75,1.0080825063596421e-12,3.467448550509289e-12,0.0,0.0,0.03354275471250856,418.95,60.0,0.0,22.009230235900848,273.1324336068158,64.95911601851088,0.0,0.0,0.0,82.01326729379691,60.0,0.0,360.1007798612276,8977.312512558889,17931.544143720217,593.9478194578132,630.7837723027836,5.131117752910086e-12,unvalidated-engineering-priors,fixed independent scenario factor; no N cycle,2022-08-11,2022-09-24,2022-09-24,physiological_maturity,R6_physiological_maturity,2022-06-16,seed_layer_available_water,50.0
17,ag_095_040,fallow,2022,2022-10-06,2022-10-11,364789.7923446728,rain_98_available,0.75,1.496580637194711e-13,0.0,0.0,0.0,1.0,15.42,0.0,0.0,14.787462699999997,0.0,0.0,0.0,0.0,0.0,0.12325616385792337,0.0,0.0,14.787462699999997,0.0,0.0,630.7837723027836,631.2930534389255,1.7119639039719914e-13,unvalidated-engineering-priors,fixed independent scenario factor; no N cycle,,,,right_censored,BBCH89_full_ripeness,,,
17,ag_095_040,wheat,2023,2022-10-12,2023-06-10,364789.7923446728,rain_98_available,1.0,9.983125437429408e-13,4.831690603168681e-12,0.0,0.0,0.04267140235271844,321.73,300.0,0.0,312.5321988574757,229.0799530401885,42.41986478737653,0.0,13.081768687164459,0.0,24.586213494321683,300.0,0.0,584.0320166850407,7572.920895157281,17623.3352529265,631.2930534389255,631.3230545724026,-3.9745984281580604e-12,unvalidated-engineering-priors,fixed independent scenario factor; no N cycle,2023-04-13,2023-05-24,2023-05-24,full_ripeness,BBCH89_full_ripeness,2022-10-12,seed_layer_available_water,50.0
17,ag_095_040,fallow,2023,2023-06-11,2023-06-14,364789.7923446728,rain_98_available,1.0,1.9606538614880265e-13,0.0,0.0,0.0,1.0,5.48,0.0,0.0,12.086142401963878,0.0,0.0,0.0,0.0,0.0,0.6407450241613708,0.0,0.0,12.086142401963878,0.0,0.0,631.3230545724026,624.0761671462772,2.0539125955565396e-13,unvalidated-engineering-priors,fixed independent scenario factor; no N cycle,,,,right_censored,BBCH89_full_ripeness,,,
17,ag_095_040,maize,2023,2023-06-15,2023-10-05,364789.7923446728,rain_98_available,1.0,1.212363542890671e-12,3.637978807091713e-12,0.0,0.0,0.03354275471250856,579.49,80.0,0.0,17.844460874642525,221.65683283427504,92.49617848683494,0.0,5.500103400950492,0.0,178.94396868477702,80.0,0.0,331.9974721957525,8665.111286307074,17656.15996653778,624.0761671462772,767.124622864802,-4.7979398232200765e-12,unvalidated-engineering-priors,fixed independent scenario factor; no N cycle,2023-08-09,2023-09-20,2023-09-20,physiological_maturity,R6_physiological_maturity,2023-06-16,seed_layer_available_water,50.0
17,ag_095_040,fallow,2023,2023-10-06,2023-10-11,364789.7923446728,rain_98_available,1.0,2.4513724383723456e-13,0.0,0.0,0.0,1.0,3.02,0.0,0.0,14.474356899999998,0.0,0.0,0.0,0.0,0.0,16.771066269459983,0.0,0.0,14.474356899999998,0.0,0.0,767.124622864802,738.8991996953418,1.1812772982011666e-13,unvalidated-engineering-priors,fixed independent scenario factor; no N cycle,,,,right_censored,BBCH89_full_ripeness,,,
17,ag_095_040,wheat,2024,2023-10-12,2024-06-10,364789.7923446728,rain_98_available,0.75,9.263700917472306e-13,4.263256414560601e-12,0.0,0.0,0.04267140235271844,280.51,225.0,0.0,285.7268280550905,250.85278750929376,53.27712659770966,0.0,0.0,0.0,91.37160863999546,225.0,0.0,589.856742162094,9236.582968270257,20464.7510855553,738.8991996953418,563.1808488932484,4.1205927558962685e-12,unvalidated-engineering-priors,fixed independent scenario factor; no N cycle,2024-04-15,2024-05-25,2024-05-25,full_ripeness,BBCH89_full_ripeness,2023-10-12,seed_layer_available_water,50.0
17,ag_095_040,fallow,2024,2024-06-11,2024-06-14,364789.7923446728,rain_98_available,0.75,2.8110846983508964e-13,0.0,0.0,0.0,1.0,0.32,0.0,0.0,3.7518688860899685,0.0,0.0,0.0,0.0,0.0,0.17777070700676806,0.0,0.0,3.7518688860899685,0.0,0.0,563.1808488932484,559.5712093001515,1.2145839889399213e-13,unvalidated-engineering-priors,fixed independent scenario factor; no N cycle,,,,right_censored,BBCH89_full_ripeness,,,
17,ag_095_040,maize,2024,2024-06-15,2024-10-05,364789.7923446728,rain_98_available,0.75,1.2465584120491258e-12,2.4442670110147446e-12,0.0,0.0,0.03354275471250856,578.96,60.0,0.0,21.582891264664447,193.1502203384425,93.47483374879232,0.0,7.485386611097004,0.0,259.82484508521105,60.0,0.0,308.20794535189924,7329.645917868909,14705.467727487743,559.5712093001515,623.0130322519399,4.284794741238329e-12,unvalidated-engineering-priors,fixed independent scenario factor; no N cycle,2024-08-09,2024-09-19,2024-09-19,physiological_maturity,R6_physiological_maturity,2024-06-16,seed_layer_available_water,50.0
17,ag_095_040,fallow,2024,2024-10-06,2024-10-11,364789.7923446728,rain_98_available,0.75,8.126832540256146e-14,0.0,0.0,0.0,1.0,2.82,0.0,0.0,15.434459200666216,0.0,0.0,0.0,0.0,0.0,0.44462262334160574,0.0,0.0,15.434459200666216,0.0,0.0,623.0130322519399,609.9539504279321,-5.972999872483342e-14,unvalidated-engineering-priors,fixed independent scenario factor; no N cycle,,,,right_censored,BBCH89_full_ripeness,,,
17,ag_095_040,wheat,2025,2024-10-12,2025-06-10,364789.7923446728,rain_98_available,0.75,8.686384944667225e-13,3.964828465541359e-12,0.0,0.0,0.04267140235271844,297.21,225.0,0.0,299.630143754245,301.30147678513043,37.552113529921904,0.0,0.0,0.0,15.032302202792728,225.0,0.0,638.4837340692973,8975.499740397152,20346.239795259662,609.9539504279321,478.6479141558435,-1.4377388168895777e-12,unvalidated-engineering-priors,fixed independent scenario factor; no N cycle,2025-04-11,2025-05-22,2025-05-22,full_ripeness,BBCH89_full_ripeness,2024-10-12,seed_layer_available_water,50.0
17,ag_095_040,fallow,2025,2025-06-11,2025-06-14,364789.7923446728,rain_98_available,0.75,6.128431095930864e-14,0.0,0.0,0.0,1.0,10.139999999999999,0.0,0.0,6.540636737329321,0.0,0.0,0.0,0.0,0.0,0.003651034067233938,0.0,0.0,6.540636737329321,0.0,0.0,478.6479141558435,482.24362638444705,-8.715250743307479e-14,unvalidated-engineering-priors,fixed independent scenario factor; no N cycle,,,,right_censored,BBCH89_full_ripeness,,,
17,ag_095_040,maize,2025,2025-06-15,2025-10-05,364789.7923446728,rain_98_available,0.75,7.567280135845067e-13,3.865352482534945e-12,0.0,0.0,0.03354275471250856,637.58,60.0,0.0,17.452598847559614,198.02661869992568,116.83020743822475,0.0,0.0,0.0,56.07336959943032,60.0,0.0,332.30942498571005,7776.7827766527835,17252.05253281651,482.24362638444705,791.4408317993081,-1.357913781419029e-12,unvalidated-engineering-priors,fixed independent scenario factor; no N cycle,2025-08-11,2025-09-24,2025-09-24,physiological_maturity,R6_physiological_maturity,2025-06-15,seed_layer_available_water,50.0
